C1_10_1.dat 2205666601 0 11102 341
C1_2_3.dat 313987916 0 2949 396
C1_2_9.dat 271610940 0 2889 374
C1_4_10.dat 746156130 0 4832 352
C1_4_2.dat 813402956 0 4910 407
C1_4_5.dat 551604488 0 4567 374
C1_4_7.dat 654558660 0 4792 385
C1_4_8.dat 730779900 0 4481 363
C1_4_9.dat 644376930 0 4851 341
C1_6_10.dat 1213298420 0 6303 286
C1_6_1.dat 719449960 0 6226 341
C1_6_3.dat 1558047098 0 6480 363
C1_6_6.dat 1071362076 0 6124 374
C1_6_8.dat 1008133420 0 6138 308
C1_8_10.dat 2485404204 0 8851 341
C1_8_2.dat 2016224390 0 8992 308
C1_8_3.dat 2707861880 0 9017 374
C1_8_6.dat 1103771464 0 8252 209
C1_8_8.dat 1600042586 0 8293 253
C1_8_9.dat 1910491388 0 8775 286
C2_10_10.dat 28668756600 0 24977 715
C2_10_2.dat 21200830092 0 25703 561
C2_10_3.dat 29076353672 0 25615 748
C2_10_5.dat 19888270506 0 24654 583
C2_10_6.dat 23555658200 0 24827 660
C2_10_9.dat 33221246710 0 25394 704
C2_2_2.dat 2511699630 0 7806 715
C2_2_3.dat 5881953062 0 7808 1089
C2_2_4.dat 5842142870 0 7882 1023
C2_2_6.dat 4024851704 0 7847 814
C2_2_8.dat 3728326488 0 7746 792
C2_4_10.dat 6464951994 0 11914 891
C2_4_2.dat 3946177830 0 12058 693
C2_4_5.dat 10152670440 0 11878 836
C2_4_7.dat 9222868792 0 11970 869
C2_4_9.dat 6270694276 0 12014 968
C2_6_3.dat 16401217600 0 16643 660
C2_6_5.dat 11966616850 0 15429 825
C2_6_6.dat 5723704985 0 16341 781
C2_8_2.dat 15988316028 0 20720 528
C2_8_3.dat 23491822800 0 20636 770
C2_8_4.dat 29820687000 0 20722 880
C2_8_5.dat 6850032560 0 20106 682
C2_8_8.dat 23082337036 0 20342 781
R1_10_10.dat 7058636609 0 11624 572
R1_10_1.dat 1911693990 0 10453 257
R1_10_2.dat 9484362360 0 12290 646
R1_2_2.dat 221893451 0 1393 476
R1_2_3.dat 255430362 0 1390 582
R1_2_5.dat 171403457 0 1372 554
R1_2_7.dat 268812022 0 1355 491
R1_4_10.dat 367031826 0 2449 502
R1_4_6.dat 370622302 0 2605 472
R1_4_7.dat 1395267621 0 2628 637
R1_4_9.dat 849336968 0 2540 690
R1_6_3.dat 6605364720 0 5277 898
R1_6_4.dat 6163794908 0 5287 923
R1_6_5.dat 2671656928 0 5000 772
R1_8_1.dat 3308829585 0 8468 503
R1_8_3.dat 11630404658 0 9228 893
R1_8_4.dat 15214077908 0 9240 1025
R1_8_9.dat 3036879938 0 7923 424
R2_10_1.dat 610 0 342 15
R2_10_4.dat 374159914021 0 50285 2121
R2_10_5.dat 26233414804 0 24649 572
R2_10_6.dat 151794778167 0 48046 1229
R2_10_9.dat 36136839981 0 24906 707
R2_2_3.dat 4114666703 0 4570 1014
R2_2_4.dat 12817228033 0 5276 2000
R2_2_6.dat 2698867305 0 4610 923
R2_4_5.dat 17869849156 0 8892 1107
R2_4_6.dat 26590635775 0 10204 1252
R2_6_1.dat 4650905796 0 13468 564
R2_6_3.dat 82770482336 0 20891 1727
R2_6_4.dat 99774662591 0 21019 1929
R2_6_5.dat 33012769788 0 17691 919
R2_6_7.dat 92063811315 0 20855 1680
R2_8_10.dat 67989961860 0 25861 1166
R2_8_4.dat 232853089055 0 36527 2012
RC1_10_2.dat 7270025644 0 11792 550
RC1_10_6.dat 4394070694 0 10493 380
RC1_10_8.dat 6414029877 0 11488 406
RC1_2_2.dat 250293491 0 1387 528
RC1_2_3.dat 366050242 0 1389 638
RC1_2_6.dat 438184879 0 1371 630
RC1_2_7.dat 229046931 0 1333 578
RC1_4_1.dat 967826081 0 2485 556
RC1_4_2.dat 1188597993 0 2498 576
RC1_4_3.dat 1570317900 0 2505 726
RC1_4_4.dat 1716444920 0 2519 761
RC1_4_6.dat 304813754 0 2428 349
RC1_6_10.dat 3172369310 0 4804 520
RC1_6_3.dat 5121270240 0 5273 843
RC1_6_4.dat 6701283548 0 5284 939
RC1_6_6.dat 1692960795 0 4953 316
RC1_6_7.dat 1596416503 0 5085 329
RC1_6_8.dat 1868300073 0 4994 332
RC1_8_1.dat 2257941760 0 7357 391
RC1_8_7.dat 3221352930 0 7831 360
RC2_10_1.dat 623671964 0 3893 572
RC2_10_3.dat 257189594581 0 47243 1766
RC2_10_5.dat 25873570691 0 20351 784
RC2_10_6.dat 17361108145 0 16972 648
RC2_2_6.dat 2187892316 0 4423 970
RC2_2_7.dat 5478676104 0 4443 893
RC2_2_8.dat 4630271490 0 4541 998
RC2_2_9.dat 3759429103 0 4182 1080
RC2_4_1.dat 89558861 0 1579 400
RC2_4_3.dat 26424826501 0 9740 1427
RC2_4_6.dat 6964066166 0 7981 1181
RC2_4_8.dat 19798877172 0 8801 1109
RC2_6_4.dat 113599714819 0 20973 1922
RC2_6_5.dat 14034195547 0 8889 912
RC2_6_6.dat 16932126444 0 10232 935
RC2_8_10.dat 85554917472 0 23469 1154
RC2_8_3.dat 161327677314 0 33750 1705
RC2_8_4.dat 225305384043 0 33954 2086
RC2_8_6.dat 24603916683 0 15279 745
RC2_8_7.dat 37114425148 0 14029 1154
c103.dat 324701952 0 2633 374
c104.dat 349852146 0 2652 396
c105.dat 250562012 0 2614 363
c201.dat 3803576652 0 7143 869
c202.dat 4583080790 0 7114 880
c204.dat 4280354100 0 7181 847
r101.dat 14445492 0 494 218
r103.dat 24870505 0 498 300
r104.dat 35688790 0 499 266
r105.dat 16043593 0 488 260
r107.dat 17277716 0 501 286
r108.dat 20157171 0 499 280
r111.dat 14789577 0 496 234
r112.dat 28899836 0 499 299
r202.dat 843026210 0 2133 719
r203.dat 813843333 0 2101 666
r205.dat 1009827853 0 2119 741
r206.dat 810559828 0 1984 780
r208.dat 1335817508 0 1991 1031
r209.dat 878766363 0 1991 816
rc101.dat 10130520 0 488 194
rc102.dat 14764139 0 516 270
rc103.dat 12833593 0 518 261
rc104.dat 34091817 0 516 272
rc105.dat 17037274 0 522 230
rc107.dat 21458481 0 517 275
rc108.dat 30770583 0 520 239
rc201.dat 964446131 0 2042 749
rc202.dat 950146126 0 2056 787
rc207.dat 558221375 0 1975 647
