#
-540 2350 20
-530 2259 30
-530 2293 10
-520 2132 40
-520 2176 0
-510 2040 50
-510 2174 10
-500 1950 60
-500 2041 40
-500 2062 0
-490 2014 10
-480 1922 20
-470 1832 30
-470 1835 10
-460 1744 20
-460 1818 0
-450 1728 10
-440 1638 0
-430 1635 30
-420 1545 20
-410 1581 10
-400 1505 60
-390 1415 50
-390 1455 10
-380 1441 20
-370 1347 30
-360 1326 80
-360 1402 0
-350 1308 10
-340 1217 0
-320 1194 40
-310 1103 30
-300 1169 20
-290 1051 150
-290 1083 110
-280 1039 0
-270 987 130
-260 949 80
-250 945 30
-240 854 100
-240 935 40
-230 835 50
-220 853 40
-210 740 70
-200 758 60
-190 794 10
-180 653 100
-180 694 0
-170 646 110
-160 599 20
-150 595 30
-140 546 0
-130 499 10
-120 499 20
-110 407 30
-90 407 10
-80 357 60
-70 313 10
-60 380 0
-50 270 30
-40 263 20
-20 224 0
#
