#
-610 2370 10
-600 2331 20
-590 2248 10
-580 2221 0
-570 2131 10
-560 2117 20
-550 2027 10
-540 2021 0
-530 1963 90
-520 1926 100
-510 1872 10
-500 1803 40
-490 1749 50
-480 1712 60
-470 1701 10
-460 1653 20
-450 1611 30
-440 1527 100
-440 1553 80
-430 1553 10
-420 1449 60
-420 1516 0
-410 1426 70
-410 1452 10
-400 1424 20
-390 1354 30
-380 1331 40
-370 1326 110
-360 1264 0
-350 1241 10
-340 1190 0
-330 1167 210
-330 1170 50
-320 1099 40
-310 1074 230
-310 1077 30
-300 1046 240
-300 1066 180
-290 1025 250
-290 1035 190
-280 973 200
-270 971 150
-260 924 220
-260 940 160
-250 879 170
-240 850 180
-230 829 190
-220 789 140
-220 799 120
-210 738 130
-200 709 140
-200 717 80
-190 686 90
-190 769 70
-180 624 100
-170 595 110
-160 586 120
-150 574 130
-150 649 90
-140 600 20
-130 499 10
-120 468 20
-120 531 0
-110 407 30
-100 438 20
-90 357 50
-90 381 10
-80 357 60
-80 389 0
-70 291 10
-60 270 20
-50 241 10
-30 220 10
#
