#
-690 2394 50
-680 2335 60
-670 2285 30
-660 2226 40
-650 2186 10
-640 2274 0
-630 2091 10
-620 2031 0
-610 1994 10
-600 1940 20
-590 1898 70
-580 1891 20
-570 1838 10
-560 1806 40
-550 1788 70
-540 1700 20
-530 1711 10
-520 1661 100
-510 1604 50
-500 1601 20
-490 1537 130
-480 1504 80
-470 1465 50
-460 1434 100
-450 1450 30
-440 1369 20
-430 1333 130
-420 1324 0
-410 1269 10
-400 1260 220
-390 1199 30
-380 1165 240
-370 1153 250
-360 1098 60
-350 1066 270
-340 1026 280
-340 1050 220
-340 1074 200
-330 1008 230
-320 963 240
-310 917 210
-300 903 260
-300 922 120
-290 896 130
-280 805 140
-280 819 120
-280 824 20
-260 779 160
-250 728 170
-240 689 180
-240 758 160
-230 668 190
-230 759 130
-220 668 200
-210 586 110
-210 726 90
-200 587 100
-200 720 20
-190 604 90
-180 577 80
-170 560 150
-170 624 10
-160 474 60
-150 507 10
-140 482 40
-120 388 20
-120 553 0
-110 375 10
-100 339 0
-90 288 10
-80 249 20
-70 228 30
-60 228 40
-40 241 20
-30 220 10
#
