#
-720 2411 40
-710 2370 50
-700 2319 20
-690 2278 30
-680 2228 0
-670 2186 10
-660 2157 0
-650 2106 30
-640 2065 20
-630 2015 10
-620 1978 100
-610 1924 10
-600 1886 80
-590 1868 70
-580 1831 20
-570 1830 30
-560 1789 40
-550 1738 10
-540 1671 80
-530 1659 90
-520 1609 80
-520 1674 0
-510 1574 110
-510 1582 10
-500 1535 120
-490 1507 130
-480 1449 40
-470 1430 50
-460 1414 100
-450 1349 10
-440 1330 20
-430 1291 10
-420 1258 20
-400 1192 40
-390 1173 30
-380 1128 60
-380 1216 20
-370 1166 30
-360 1093 80
-350 1100 10
-340 1018 80
-330 1002 290
-320 975 240
-310 905 110
-300 943 40
-290 881 210
-290 1025 30
-280 804 140
-260 752 180
-260 769 160
-250 714 170
-250 718 150
-250 737 70
-240 687 200
-230 668 190
-230 694 130
-230 850 30
-220 604 120
-210 585 110
-200 630 20
-180 565 140
-170 512 90
-150 465 50
-140 482 0
-130 413 50
-120 365 20
-110 401 10
-90 275 10
-80 249 20
-80 317 0
-70 228 30
-50 241 10
-30 220 10
#
