#
-630 2357 10
-620 2265 0
-610 2151 10
-600 2086 20
-600 2177 0
-590 2060 10
-580 1971 0
-570 1947 50
-560 1880 0
-550 1857 30
-530 1760 30
-520 1684 60
-520 1786 0
-510 1691 50
-510 1779 10
-500 1591 80
-500 1663 0
-490 1578 30
-490 1606 10
-480 1525 100
-460 1478 0
-450 1419 70
-450 1456 10
-440 1385 20
-420 1332 160
-420 1364 20
-410 1293 10
-400 1242 20
-390 1221 70
-380 1176 0
-370 1128 50
-360 1096 140
-350 1062 30
-340 1046 120
-330 1004 110
-330 1034 70
-320 970 0
-310 953 50
-300 933 60
-290 870 30
-270 789 50
-260 856 0
-250 723 70
-250 836 10
-240 742 20
-230 696 90
-220 694 0
-210 651 150
-210 669 130
-200 595 20
-180 596 0
-170 559 150
-150 517 10
-140 491 80
-120 425 40
-110 407 30
-100 366 80
-90 375 70
-80 357 60
-70 311 10
-60 304 0
-50 270 30
-40 261 20
-20 224 0
#
