#
-620 2394 40
-610 2302 50
-610 2304 30
-600 2187 60
-600 2212 20
-590 2122 10
-580 2086 80
-580 2097 40
-570 2007 30
-560 1973 100
-550 1906 50
-540 1916 0
-530 1792 70
-520 1815 20
-510 1788 110
-510 1880 10
-500 1721 0
-490 1655 150
-480 1608 20
-470 1565 130
-460 1515 0
-440 1473 160
-430 1421 30
-420 1372 40
-410 1351 50
-400 1288 60
-400 1328 0
-390 1258 70
-380 1239 0
-370 1195 30
-360 1145 20
-350 1123 10
-340 1090 0
-330 1031 10
-320 1033 0
-310 998 30
-300 1013 0
-290 952 10
-280 898 60
-270 913 30
-260 810 120
-260 852 40
-250 789 110
-250 839 70
-240 756 100
-230 696 90
-230 745 50
-220 710 80
-210 692 170
-200 645 20
-190 601 130
-190 623 110
-180 578 140
-180 602 40
-170 559 150
-160 503 20
-160 554 0
-150 507 10
-130 483 90
-120 425 40
-110 384 70
-100 366 80
-100 389 60
-90 431 10
-80 357 60
-70 311 10
-60 288 20
-50 270 30
-40 261 20
-30 238 10
-20 224 0
#
