#
-660 2340 20
-650 2225 30
-650 2250 10
-640 2135 20
-630 2096 30
-630 2160 10
-620 2045 0
-610 2006 10
-600 1953 20
-590 1893 70
-590 1914 10
-580 1842 40
-580 1859 0
-570 1801 90
-560 1750 20
-550 1711 30
-550 1751 10
-540 1695 120
-530 1619 50
-530 1658 10
-520 1605 100
-510 1581 150
-500 1513 80
-500 1527 20
-490 1491 130
-480 1463 100
-470 1399 110
-460 1427 20
-460 1497 0
-450 1349 130
-450 1371 70
-440 1308 80
-430 1297 50
-420 1257 100
-420 1279 40
-410 1216 50
-400 1192 20
-400 1243 0
-390 1165 70
-380 1141 0
-370 1078 10
-350 1027 30
-340 1141 0
-330 979 30
-320 953 100
-310 928 10
-300 903 80
-280 834 100
-270 789 50
-270 841 30
-260 749 100
-250 746 110
-240 735 60
-230 695 90
-220 627 140
-210 652 50
-200 595 20
-190 577 170
-180 571 40
-170 505 10
-160 502 20
-160 515 0
-150 481 10
-140 478 0
-130 455 10
-120 409 60
-120 425 40
-110 389 30
-100 366 80
-90 359 70
-90 374 50
-80 317 0
-70 310 10
-60 285 20
-50 267 30
-30 238 10
-20 224 0
#
