#
-680 2389 0
-670 2274 10
-660 2184 0
-650 2145 10
-640 2090 20
-640 2145 0
-630 2051 30
-620 1981 40
-620 1990 0
-610 1959 10
-600 1886 60
-600 1889 20
-590 1850 70
-580 1795 40
-580 1870 20
-570 1758 50
-570 1800 10
-560 1704 20
-550 1708 10
-540 1652 120
-540 1653 80
-530 1613 10
-520 1560 100
-510 1538 150
-510 1539 110
-500 1521 40
-490 1447 130
-490 1471 30
-480 1450 80
-470 1379 50
-470 1430 10
-460 1357 60
-460 1379 0
-440 1265 80
-440 1329 0
-430 1279 10
-420 1241 40
-420 1257 20
-410 1173 50
-410 1199 30
-400 1149 20
-390 1127 10
-380 1126 20
-370 1035 10
-350 1027 30
-340 1002 120
-330 936 30
-320 933 60
-310 888 90
-300 871 140
-290 796 70
-280 831 20
-270 789 50
-260 706 100
-260 732 0
-250 703 110
-240 695 20
-240 730 0
-220 614 140
-220 633 40
-200 585 160
-190 567 170
-190 676 10
-180 580 60
-170 505 10
-160 535 0
-150 484 110
-140 458 20
-130 413 50
-120 422 40
-110 384 70
-100 366 20
-90 359 70
-80 317 0
-70 310 10
-60 285 20
-40 263 20
-30 238 10
-20 224 0
#
