#
-710 2340 50
-690 2249 30
-680 2241 80
-680 2250 20
-670 2158 10
-660 2115 100
-660 2149 60
-650 2068 30
-640 2023 80
-630 1974 90
-630 2008 70
-620 1933 60
-620 1977 0
-610 1884 70
-600 1836 120
-600 1842 60
-600 1965 0
-590 1883 10
-580 1743 140
-580 1752 40
-570 1789 30
-560 1696 40
-550 1654 70
-550 1731 10
-540 1644 180
-530 1562 90
-530 1604 10
-520 1562 40
-510 1529 30
-500 1476 20
-490 1462 130
-480 1424 60
-470 1371 50
-460 1338 20
-450 1306 90
-440 1253 80
-440 1281 20
-420 1208 60
-410 1163 50
-400 1115 40
-400 1143 20
-390 1124 10
-380 1073 20
-370 1025 10
-360 1022 0
-350 1009 130
-340 935 20
-340 1006 0
-330 968 10
-320 903 40
-310 886 90
-300 845 20
-290 787 70
-280 813 0
-270 813 10
-260 723 0
-250 694 110
-240 695 20
-230 694 190
-220 604 140
-220 627 40
-210 600 150
-200 576 160
-190 557 170
-180 514 100
-170 505 10
-160 486 120
-150 484 110
-140 465 120
-130 413 50
-120 409 60
-100 366 80
-100 474 20
-90 359 70
-80 317 0
-70 310 10
-60 285 20
-50 267 30
-50 281 10
-40 263 20
-30 238 10
-20 224 0
#
