#
-1790 10842 120
-1760 10660 110
-1730 10569 110
-1700 10244 120
-1680 10477 90
-1660 10097 90
-1640 10007 90
-1620 9840 90
-1580 9131 250
-1580 9742 110
-1550 9288 130
-1540 9400 100
-1530 9264 120
-1500 9581 50
-1490 9567 60
-1470 8800 250
-1470 9463 60
-1440 8500 130
-1430 8405 100
-1410 8056 240
-1400 9180 70
-1380 7879 230
-1370 7649 280
-1350 7494 270
-1320 7540 180
-1290 7314 280
-1280 8301 150
-1270 6998 230
-1270 8211 150
-1240 6768 300
-1240 7262 210
-1220 6639 300
-1220 8266 130
-1210 6577 310
-1180 7305 140
-1150 6349 310
-1130 6983 200
-1120 7223 90
-1100 5840 280
-1100 6885 200
-1090 5775 290
-1070 5733 250
-1060 5581 260
-1050 7101 160
-1020 5485 250
-990 6166 220
-960 5143 270
-950 5022 220
-940 6172 130
-900 4764 240
-880 4726 210
-870 5345 190
-850 4546 280
-810 4110 320
-810 4398 290
-780 4225 200
-760 4290 170
-730 3745 230
-700 3609 200
-700 3950 170
-670 3421 180
-610 3224 220
-590 3108 230
-560 2819 180
-520 2727 170
-510 2614 180
-470 2917 160
-440 2488 180
-410 2241 170
-400 2113 180
-370 2151 130
-350 1907 170
-330 1820 190
-330 2067 140
-330 2946 80
-300 1662 190
-300 2385 90
-280 1832 100
-240 1951 60
-240 1967 40
-230 1385 70
-210 1836 30
-200 1460 50
-180 1198 0
-170 1052 80
-130 834 20
-110 737 20
-90 665 10
#
