#
-1780 10334 40
-1760 10243 40
-1750 9779 60
-1730 9883 30
-1720 9569 40
-1710 9107 40
-1680 9224 0
-1660 8882 90
-1640 8495 50
-1630 8726 30
-1620 8401 50
-1610 8635 40
-1600 8311 40
-1590 7999 40
-1540 7813 70
-1510 7711 70
-1480 7539 90
-1470 7618 70
-1460 7318 50
-1430 7218 60
-1420 7100 80
-1400 7009 80
-1370 6913 80
-1340 6823 50
-1320 6490 170
-1310 6375 250
-1310 6719 90
-1270 6574 130
-1230 5973 240
-1220 6297 200
-1190 6294 160
-1170 5891 220
-1160 6068 170
-1140 5800 220
-1110 5450 240
-1100 5617 180
-1080 5283 240
-1050 5150 260
-1040 5001 260
-1020 5325 180
-1000 5000 250
-990 5161 210
-980 4749 220
-950 4563 220
-930 4557 240
-920 4503 230
-900 4319 220
-880 4666 200
-860 4106 240
-850 4573 200
-830 4194 200
-820 4060 220
-790 3957 230
-770 3680 250
-750 3788 220
-740 3516 270
-740 3589 250
-710 3496 200
-700 3332 230
-660 3406 170
-640 3209 220
-610 3111 260
-590 3018 170
-540 2837 190
-510 2744 160
-500 2940 130
-480 2628 170
-460 2482 180
-460 2668 150
-440 2268 210
-430 2264 190
-380 2413 100
-370 2244 150
-350 2041 130
-330 1833 140
-320 2065 100
-310 1681 230
-310 1986 110
-280 1662 160
-260 1551 140
-250 1493 150
-240 1458 120
-210 1323 90
-190 1266 90
-150 1188 30
-120 899 20
-80 835 10
#
