#
-2080 10678 50
-2060 10587 50
-2030 10495 60
-2010 10302 80
-1980 10172 60
-1960 10107 70
-1950 10081 90
-1910 9922 180
-1890 9755 100
-1850 9625 140
-1810 9480 80
-1800 9463 60
-1790 9740 40
-1780 9218 200
-1760 9103 200
-1760 9648 40
-1750 8897 350
-1750 9002 340
-1710 9045 230
-1670 8861 160
-1650 8770 180
-1640 8497 340
-1590 8560 260
-1560 8347 220
-1550 8514 130
-1540 8178 320
-1520 8081 180
-1470 7915 320
-1450 7644 340
-1440 7651 330
-1420 7274 350
-1400 7338 340
-1380 7648 140
-1370 7168 300
-1340 6983 300
-1340 7037 190
-1300 6634 340
-1270 6797 310
-1230 6433 300
-1220 6546 230
-1200 6467 250
-1180 6283 270
-1150 6144 240
-1110 5823 330
-1090 6034 280
-1070 5678 270
-1060 5862 220
-1050 5539 250
-1030 5463 260
-1020 5183 350
-980 5492 240
-960 5021 270
-930 4981 290
-920 4877 290
-900 5320 210
-870 4568 330
-830 5062 190
-810 4602 210
-780 4814 190
-760 4719 190
-750 4264 240
-730 4089 280
-720 3804 280
-710 4460 220
-660 3531 310
-650 4338 170
-630 3949 160
-610 3423 260
-610 3829 160
-570 3096 240
-570 3276 220
-550 2827 260
-550 3000 240
-520 2824 250
-480 2567 240
-460 2533 300
-450 2366 240
-420 2405 170
-400 2223 300
-360 2054 120
-340 1942 100
-330 1880 150
-300 1636 150
-290 1705 110
-270 1596 90
-250 1493 60
-240 1325 90
-220 1221 70
-210 1466 30
-190 1154 30
-180 1071 0
-160 887 10
-150 821 10
-120 713 20
-110 648 20
#
