#
-1680 9602 60
-1660 9423 40
-1640 9275 60
-1620 9032 40
-1590 8884 90
-1590 8930 40
-1580 8717 50
-1570 8831 40
-1560 8614 70
-1550 8461 60
-1520 8272 60
-1510 8249 60
-1490 8007 150
-1490 8102 60
-1480 7957 40
-1470 7844 200
-1460 7867 40
-1420 7300 120
-1390 7595 90
-1380 7100 120
-1360 7502 90
-1350 7374 30
-1320 7111 0
-1310 6536 130
-1310 6657 100
-1290 6978 30
-1280 6875 30
-1270 6336 130
-1260 6292 130
-1250 6123 110
-1230 6021 110
-1200 5893 110
-1170 5586 170
-1170 5751 130
-1150 5429 140
-1140 5649 130
-1120 5298 140
-1100 5129 140
-1080 5029 140
-1050 4885 110
-1020 4803 120
-990 4698 220
-970 4484 210
-940 4368 210
-920 4194 210
-910 4286 200
-890 4055 200
-870 3984 220
-850 3953 230
-840 3861 230
-800 3903 220
-780 3747 200
-770 3692 210
-740 3576 210
-720 3535 200
-700 3449 200
-690 3260 200
-660 3146 200
-620 3341 190
-600 3056 180
-590 2909 160
-570 2788 190
-550 2757 190
-520 2583 170
-510 2580 180
-490 2482 160
-480 2419 180
-450 2630 150
-450 2793 140
-440 2418 190
-420 2345 170
-400 1981 190
-390 2253 150
-370 2161 170
-360 2064 180
-350 1825 160
-330 1760 180
-310 1606 190
-300 1898 110
-260 1715 100
-250 1567 70
-220 1395 100
-200 1307 100
-170 1356 50
-140 1051 20
-120 994 20
-100 923 20
-80 1113 10
#
