#
-1470 9521 70
-1450 8940 70
-1450 9403 50
-1430 9196 50
-1420 8715 70
-1410 9122 50
-1390 8546 50
-1380 8898 40
-1360 7841 90
-1360 8321 50
-1360 8691 30
-1340 8016 80
-1340 8601 30
-1330 7615 70
-1330 8220 60
-1310 8013 50
-1300 7220 70
-1300 7443 40
-1280 7073 50
-1260 6940 40
-1250 6858 80
-1230 6725 70
-1230 6842 40
-1210 6621 70
-1180 6524 70
-1160 6454 230
-1150 6230 240
-1150 6366 60
-1120 6173 230
-1110 6022 230
-1100 5926 240
-1090 5918 230
-1080 5843 220
-1070 5712 210
-1030 5614 200
-990 5399 200
-980 5304 210
-960 5298 190
-940 5194 190
-930 5111 230
-920 5047 210
-910 4895 230
-890 4596 210
-880 4527 220
-860 4771 200
-840 4386 200
-820 4344 200
-810 4233 220
-790 4145 200
-770 4142 170
-760 4047 170
-750 3979 180
-740 3974 170
-720 3833 220
-700 3749 220
-690 3611 240
-680 3831 200
-660 3518 240
-640 3660 160
-630 3384 200
-610 3242 180
-590 3355 140
-580 3199 180
-550 3084 150
-540 2894 220
-540 3025 160
-530 2875 160
-500 2713 210
-490 2647 220
-480 2815 140
-450 2719 160
-430 2452 170
-410 2308 180
-410 2579 140
-400 2429 140
-390 2319 150
-380 2138 150
-360 2225 120
-350 2065 120
-340 2037 250
-330 1976 130
-320 1911 170
-290 1872 110
-290 1872 130
-280 1717 160
-240 1538 100
-230 1508 100
-220 1656 60
-200 1347 100
-180 1417 0
-160 1227 10
-150 1148 10
-140 1051 20
-110 938 20
#
