#
-1450 9412 40
-1430 9079 50
-1430 9279 40
-1420 8601 50
-1410 9006 40
-1400 8268 50
-1390 8118 40
-1370 7843 40
-1350 7640 40
-1330 7365 40
-1330 7368 30
-1310 7093 20
-1290 7001 20
-1260 6953 80
-1240 6784 10
-1220 6580 30
-1200 6479 50
-1190 6448 30
-1180 6276 50
-1160 6034 160
-1150 6033 100
-1150 6154 80
-1130 5941 100
-1110 5775 210
-1090 5619 160
-1090 5725 100
-1070 5596 220
-1060 5518 160
-1030 5311 160
-980 5105 160
-960 5054 210
-960 5338 0
-930 5244 30
-910 4948 170
-890 4701 220
-890 4767 140
-890 4985 110
-870 4868 90
-850 4340 190
-850 4608 140
-830 4248 190
-820 4540 170
-790 4375 90
-770 4175 200
-750 4145 170
-730 4085 140
-720 4085 150
-700 3991 160
-680 3525 190
-670 3826 150
-660 3818 130
-650 3680 140
-640 3792 120
-630 3267 200
-630 3506 180
-610 3698 120
-590 3299 140
-570 2983 220
-570 3183 180
-550 3167 140
-540 3054 160
-530 2876 190
-510 2842 190
-490 2753 200
-480 3018 130
-470 2539 180
-470 2859 140
-450 2532 150
-420 2348 180
-400 2474 150
-390 2414 150
-380 2220 110
-360 2062 200
-350 2165 140
-340 1873 220
-320 1945 150
-290 1801 60
-280 1721 120
-260 1670 150
-250 1536 70
-230 1439 70
-200 1346 60
-190 1301 60
-150 1182 60
-140 1117 30
-120 1098 40
-100 923 20
#
