#
-1240 9164 40
-1230 9072 40
-1220 8618 60
-1220 8845 40
-1200 8298 60
-1180 8258 50
-1170 7935 50
-1170 8148 40
-1160 8009 40
-1140 7508 50
-1130 7370 50
-1120 7725 30
-1110 7241 40
-1100 6876 50
-1100 7103 40
-1090 6695 50
-1080 6556 50
-1060 6461 30
-1040 6365 30
-1030 6226 30
-1010 6058 90
-1000 6134 50
-980 5859 10
-970 5642 70
-960 5504 60
-950 5727 40
-940 5476 70
-930 5337 60
-910 5246 50
-900 5115 80
-870 5013 80
-850 4923 140
-840 4828 150
-830 4568 150
-810 4477 140
-800 4402 150
-790 5179 10
-780 5094 0
-770 4358 130
-760 4084 160
-740 4686 30
-720 3991 160
-720 4185 140
-710 4549 80
-690 3889 160
-680 4332 100
-670 4227 130
-650 3665 150
-640 3848 100
-630 3631 140
-620 3606 130
-600 3464 140
-600 3539 130
-590 3379 140
-580 3155 160
-570 3234 150
-560 3062 160
-550 3181 150
-540 3306 110
-530 3196 110
-510 3031 120
-490 2942 120
-480 2927 120
-470 2856 110
-460 2728 130
-450 2742 100
-440 2582 110
-410 2316 150
-400 2533 100
-390 2373 110
-380 2272 110
-350 2199 110
-340 2123 150
-320 1931 80
-290 1826 80
-270 1732 80
-230 1639 50
-220 2168 30
-200 1540 20
-180 1446 20
#
