#
-1830 9678 110
-1800 9369 110
-1780 9268 110
-1770 9024 90
-1740 8929 120
-1720 8789 90
-1700 8699 100
-1670 8114 140
-1670 8453 120
-1660 8321 100
-1640 8522 80
-1630 8229 100
-1600 7596 50
-1570 7494 50
-1570 7869 40
-1560 7585 40
-1540 7777 30
-1530 7769 30
-1510 7119 110
-1490 7410 50
-1460 6912 100
-1460 7319 80
-1440 6999 0
-1420 6833 290
-1410 6908 30
-1390 6435 290
-1370 6600 100
-1360 6320 260
-1340 6502 60
-1330 6227 250
-1300 6130 250
-1280 6214 70
-1270 5928 250
-1230 5829 210
-1210 5624 250
-1210 5745 210
-1200 5503 300
-1170 5412 300
-1150 5366 220
-1110 5080 280
-1090 4980 260
-1070 5128 240
-1060 4883 220
-1030 4758 260
-1000 4673 240
-990 5171 150
-960 4514 300
-930 4292 270
-920 4219 220
-900 4095 270
-890 4357 200
-860 4056 280
-840 4886 150
-830 3979 240
-810 3907 230
-790 3805 220
-770 3657 270
-740 3402 220
-730 3584 200
-710 3303 210
-690 3290 250
-680 3182 210
-650 3152 240
-630 2980 190
-590 3147 170
-580 2988 170
-530 2546 210
-500 2707 170
-500 3408 140
-480 2427 180
-460 2501 160
-450 2416 160
-420 2304 160
-390 2019 270
-370 2104 170
-350 1865 230
-340 1792 250
-330 1948 140
-300 1838 110
-270 1690 130
-250 1518 130
-220 1707 100
-210 1422 100
-190 1335 100
-170 1526 80
-160 1215 20
-130 995 20
-110 928 20
-90 921 10
#
