#
-2100 10767 90
-2040 10554 90
-2000 10609 80
-1970 10175 50
-1950 10043 50
-1920 9953 40
-1870 9756 70
-1850 9665 70
-1820 9557 10
-1800 9329 290
-1790 9440 40
-1770 9353 50
-1720 9089 130
-1710 8543 310
-1690 9163 100
-1670 8905 110
-1630 8275 330
-1630 8677 270
-1610 8252 320
-1610 8671 170
-1600 8438 180
-1570 8089 340
-1550 8217 180
-1540 7846 290
-1520 8100 180
-1510 8092 280
-1490 7546 270
-1480 7818 170
-1450 7492 310
-1410 7395 300
-1370 7000 350
-1360 7205 240
-1330 6947 350
-1320 6828 230
-1310 6599 310
-1270 6596 310
-1270 6628 250
-1240 6667 190
-1220 6453 210
-1180 6125 270
-1150 5687 360
-1130 5846 290
-1120 5974 280
-1100 5436 350
-1080 5348 360
-1070 6008 270
-1040 5297 260
-1040 5570 240
-1020 5003 340
-990 5169 230
-970 5121 280
-940 4912 220
-910 4817 260
-880 4718 260
-840 4282 330
-830 4114 310
-800 4166 260
-780 3905 270
-740 4297 250
-720 3572 310
-720 4482 140
-700 3399 300
-680 3824 240
-680 4386 160
-660 3357 320
-630 3694 170
-600 3447 150
-590 3269 150
-560 2818 170
-550 3173 160
-540 3052 140
-510 2964 120
-480 2627 120
-450 2130 270
-450 2383 120
-420 1963 290
-420 2284 120
-400 2094 210
-380 2004 190
-370 1889 120
-360 1884 100
-320 1582 200
-280 1507 60
-270 1336 60
-240 1219 80
-240 1242 60
-230 1726 30
-200 1028 30
-180 962 0
-170 961 10
-130 716 20
-120 621 20
#
