#
-1420 9845 100
-1400 9296 120
-1400 9637 80
-1390 9544 80
-1380 9088 100
-1370 8995 100
-1370 9336 70
-1350 8787 90
-1340 8694 90
-1330 8532 100
-1310 8131 120
-1300 8232 90
-1290 8010 120
-1270 7800 120
-1270 7847 90
-1250 7530 90
-1250 8343 50
-1230 7368 90
-1230 8208 60
-1200 7299 80
-1180 6813 90
-1160 7074 80
-1140 6585 80
-1130 6312 70
-1100 6220 90
-1090 6087 40
-1070 5803 70
-1070 5939 40
-1050 5804 50
-1030 5578 30
-1010 5474 40
-1010 5487 20
-980 5371 60
-970 5311 250
-960 5216 260
-940 4907 200
-930 4812 210
-930 5255 170
-920 5101 160
-910 5006 140
-900 4682 160
-880 4591 150
-870 4483 170
-850 4392 160
-820 4335 200
-810 4332 200
-790 4096 210
-780 4110 160
-760 3989 210
-750 3872 170
-720 3778 150
-700 3665 150
-660 3470 150
-620 3350 180
-610 3183 160
-590 3188 150
-580 3087 160
-570 3002 160
-560 2980 160
-550 2912 150
-530 2821 150
-520 2726 160
-510 2748 150
-490 2619 140
-460 2512 160
-450 2453 160
-440 2517 150
-420 2308 150
-390 2224 130
-370 2141 130
-350 2062 140
-340 1925 120
-310 1825 150
-290 1785 130
-270 1705 140
-260 1687 130
-240 1583 90
-220 1434 90
-210 1385 100
-160 1221 30
-140 1189 40
-130 1129 10
-120 1200 0
-110 1054 20
#
