#
-670 2631 10
-660 2599 0
-650 2503 10
-640 2487 20
-630 2411 10
-620 2389 60
-610 2319 10
-600 2262 40
-590 2228 10
-580 2170 20
-570 2138 10
-560 2078 80
-550 2048 10
-540 1986 60
-530 1982 90
-520 1896 40
-510 1892 110
-500 1816 60
-480 1726 80
-480 1802 60
-470 1723 30
-460 1711 20
-450 1633 50
-440 1626 100
-430 1603 50
-420 1541 20
-410 1523 30
-400 1508 80
-390 1433 10
-380 1428 60
-370 1400 270
-370 1401 110
-360 1336 20
-350 1308 250
-340 1278 260
-330 1217 230
-320 1187 240
-320 1214 220
-300 1124 200
-300 1124 240
-300 1134 40
-290 1094 210
-280 1089 160
-270 1029 230
-270 1053 210
-270 1063 170
-260 999 140
-250 943 190
-240 925 140
-240 1006 60
-230 883 170
-230 894 150
-220 835 160
-220 876 120
-210 830 110
-200 799 120
-190 740 130
-190 748 70
-180 722 80
-170 692 90
-160 632 100
-150 633 30
-140 608 40
-140 821 20
-130 577 50
-120 560 0
-110 512 70
-100 460 20
-90 414 30
-80 388 20
-60 339 20
-50 279 10
-40 262 20
-30 257 10
-20 240 0
#
