#
-720 2598 20
-710 2576 30
-700 2508 40
-690 2486 50
-680 2460 0
-670 2392 10
-660 2383 40
-650 2361 30
-640 2297 20
-630 2293 10
-620 2229 120
-620 2242 60
-610 2180 10
-600 2139 140
-590 2112 90
-590 2151 30
-580 2060 20
-570 2022 110
-560 2014 60
-550 1969 50
-540 1915 20
-530 1894 30
-520 1860 80
-510 1804 50
-490 1759 110
-480 1715 40
-470 1694 30
-460 1668 80
-450 1604 10
-440 1593 60
-430 1564 170
-420 1506 20
-410 1502 90
-400 1486 160
-390 1405 10
-380 1373 180
-370 1330 190
-360 1304 200
-350 1280 210
-350 1281 150
-340 1204 220
-340 1239 160
-330 1210 70
-320 1171 240
-310 1106 250
-310 1131 130
-300 1081 260
-290 1070 170
-280 1031 100
-270 989 230
-260 961 200
-260 972 140
-260 972 180
-250 903 130
-240 881 200
-240 1026 20
-230 863 170
-230 870 150
-220 821 40
-210 810 90
-200 784 60
-190 701 70
-180 744 60
-170 676 90
-170 761 10
-160 599 100
-160 631 40
-150 588 30
-130 530 70
-130 563 50
-130 610 10
-120 462 0
-100 429 20
-90 375 30
-80 339 40
-80 372 20
-70 328 10
-60 263 0
-50 248 10
-40 230 0
#
