#
-670 2512 10
-660 2452 0
-650 2421 10
-640 2362 20
-630 2331 10
-620 2272 0
-610 2240 10
-600 2180 60
-590 2150 30
-580 2090 40
-570 2060 10
-560 2032 100
-550 1969 10
-540 1942 80
-530 1911 70
-520 1870 20
-510 1821 50
-510 1865 30
-500 1800 100
-490 1776 10
-480 1723 20
-460 1677 80
-450 1630 10
-440 1605 100
-430 1582 110
-430 1583 50
-420 1529 40
-410 1514 130
-400 1485 140
-390 1418 10
-370 1370 230
-370 1391 110
-360 1321 20
-350 1280 210
-340 1261 260
-330 1202 270
-330 1228 130
-320 1171 240
-300 1103 200
-290 1080 250
-290 1135 90
-280 1013 220
-270 1042 210
-260 980 180
-260 988 120
-250 920 190
-250 973 150
-240 896 200
-230 879 150
-220 819 160
-210 796 170
-210 836 150
-200 784 120
-190 724 130
-180 701 140
-160 623 40
-160 682 20
-150 608 50
-140 578 60
-130 512 70
-130 559 10
-120 530 0
-110 480 10
-100 450 20
-90 390 30
-90 435 10
-80 367 40
-70 339 10
-60 293 0
-50 255 10
-30 238 10
#
