#
-630 2508 10
-620 2504 0
-600 2395 20
-600 2429 0
-590 2308 10
-580 2210 20
-580 2288 0
-570 2205 10
-560 2120 0
-550 2115 10
-540 2079 40
-530 2024 50
-520 1938 40
-500 1870 100
-500 1924 80
-490 1845 10
-480 1779 80
-480 1834 60
-470 1759 130
-460 1745 40
-450 1686 50
-430 1646 50
-420 1575 80
-420 1595 20
-410 1566 130
-400 1545 20
-390 1477 110
-390 1487 10
-380 1449 220
-370 1405 230
-370 1445 210
-360 1342 240
-360 1359 200
-360 1387 20
-350 1315 210
-350 1355 190
-340 1252 220
-330 1277 50
-320 1222 180
-310 1146 250
-310 1159 190
-310 1218 170
-300 1143 200
-300 1182 180
-290 1130 150
-290 1170 110
-280 1053 220
-280 1067 160
-270 1086 10
-260 1022 120
-250 959 130
-250 1019 90
-240 944 140
-240 992 20
-230 912 110
-230 927 90
-220 853 160
-220 864 100
-210 848 170
-210 875 50
-200 814 80
-190 768 70
-190 827 30
-180 753 140
-170 720 50
-160 662 100
-160 706 20
-150 656 110
-140 627 40
-130 559 10
-120 537 60
-120 578 0
-110 480 10
-100 467 40
-90 436 30
-80 384 40
-70 368 50
-60 298 0
-50 279 10
-40 263 20
-30 257 10
#
