#
-680 2600 20
-670 2575 10
-660 2472 0
-650 2447 10
-640 2382 20
-630 2357 10
-620 2292 0
-610 2266 30
-600 2204 20
-590 2193 30
-580 2111 40
-570 2086 30
-560 2069 20
-550 2011 70
-540 1979 0
-530 1931 130
-530 1955 10
-520 1906 120
-510 1841 110
-510 1879 30
-500 1855 20
-490 1808 150
-480 1742 80
-480 1788 60
-470 1709 70
-460 1685 60
-450 1645 110
-450 1649 50
-440 1612 100
-430 1587 90
-420 1541 20
-410 1517 130
-400 1492 120
-390 1433 10
-380 1422 280
-370 1358 250
-360 1332 260
-350 1302 270
-350 1307 250
-340 1259 220
-330 1231 70
-320 1192 200
-310 1176 210
-300 1110 240
-300 1133 180
-290 1086 230
-290 1107 190
-290 1138 110
-280 1050 220
-280 1077 200
-270 1039 10
-260 989 140
-250 973 150
-240 925 140
-230 883 170
-230 894 150
-220 835 160
-220 963 100
-210 829 170
-200 786 140
-200 807 80
-190 748 70
-180 722 80
-170 692 90
-160 657 40
-150 654 30
-140 609 120
-130 599 50
-120 539 60
-110 480 10
-100 460 20
-90 448 50
-80 384 40
-70 345 10
-60 298 0
-50 279 10
-20 240 0
#
