#
-560 2524 0
-550 2521 10
-540 2341 20
-530 2309 10
-520 2232 0
-510 2182 10
-500 2140 20
-490 2066 10
-480 2003 80
-470 2047 10
-460 1894 60
-460 1972 40
-450 1891 50
-430 1796 70
-430 1801 30
-420 1742 100
-410 1791 10
-400 1700 120
-400 1710 0
-390 1613 130
-390 1649 70
-380 1586 140
-370 1607 90
-360 1520 100
-360 1565 60
-350 1484 50
-340 1472 140
-330 1389 30
-320 1352 160
-310 1323 210
-300 1315 220
-290 1221 230
-290 1237 190
-290 1258 130
-280 1177 120
-270 1157 130
-260 1082 100
-250 1063 110
-250 1085 50
-240 1025 80
-230 985 170
-230 1006 90
-220 966 180
-210 890 150
-210 895 50
-200 869 40
-190 833 130
-190 849 50
-180 778 20
-170 753 70
-160 703 100
-150 662 50
-140 657 100
-130 585 70
-130 606 30
-120 566 80
-120 586 20
-110 504 50
-110 562 10
-100 484 40
-90 465 30
-80 388 20
-70 387 30
-70 438 10
-60 344 0
-50 292 10
-40 291 0
#
