#
-670 2658 30
-660 2596 20
-650 2561 50
-650 2567 10
-640 2491 0
-630 2448 10
-620 2394 20
-610 2351 10
-600 2297 0
-590 2258 30
-580 2200 20
-570 2168 10
-560 2107 0
-550 2085 90
-540 2023 100
-530 2015 30
-520 1926 80
-520 1987 60
-510 1895 50
-500 1833 60
-490 1805 70
-480 1803 20
-470 1742 30
-460 1713 40
-450 1695 10
-440 1634 0
-430 1605 10
-420 1542 20
-410 1534 130
-400 1466 200
-400 1496 160
-390 1442 110
-380 1373 180
-370 1373 170
-370 1417 50
-360 1297 240
-360 1334 80
-360 1354 40
-350 1281 150
-340 1204 220
-330 1204 210
-330 1237 50
-320 1171 240
-310 1106 250
-310 1113 190
-300 1088 260
-300 1146 20
-290 1076 90
-280 1005 160
-270 996 230
-270 1002 210
-260 985 120
-250 907 130
-230 874 150
-230 895 30
-220 816 100
-210 790 170
-200 783 120
-200 867 80
-190 726 70
-180 700 140
-170 691 110
-160 631 40
-150 669 30
-140 588 20
-130 530 70
-120 462 0
-100 429 20
-80 346 40
-80 379 20
-70 328 10
-60 263 0
-50 245 10
-30 239 10
#
