#
-630 2593 10
-620 2571 0
-610 2502 10
-600 2474 20
-590 2409 10
-580 2380 40
-570 2316 30
-560 2277 60
-560 2287 20
-550 2208 50
-540 2180 40
-530 2162 50
-520 2086 20
-510 2069 30
-500 1994 0
-490 1979 90
-480 1904 20
-460 1866 20
-460 1968 0
-450 1796 10
-440 1775 0
-430 1704 30
-420 1683 20
-420 1764 0
-410 1619 90
-400 1602 80
-390 1530 110
-380 1511 60
-380 1642 40
-370 1460 130
-370 1557 30
-360 1419 40
-350 1369 150
-340 1330 60
-330 1290 170
-320 1260 80
-310 1200 190
-300 1169 100
-300 1324 60
-290 1143 10
-280 1090 120
-260 1000 140
-260 1053 20
-250 982 50
-240 967 160
-230 903 70
-220 884 60
-220 891 20
-210 813 90
-210 843 30
-200 805 140
-190 751 10
-180 723 20
-170 673 10
-160 644 0
-150 583 30
-140 554 20
-130 530 70
-130 578 10
-120 481 0
-110 451 50
-90 361 30
-90 424 10
-80 357 20
-70 328 10
-60 263 0
-40 245 20
-20 243 0
#
