#
-570 2533 10
-550 2349 30
-550 2376 10
-530 2221 50
-530 2282 10
-520 2259 0
-510 2147 10
-500 2113 80
-490 2020 10
-480 1991 100
-480 2004 60
-470 1885 90
-460 1875 120
-460 1882 80
-460 1928 20
-450 1769 110
-450 1903 70
-440 1765 100
-430 1787 90
-430 1820 50
-420 1675 80
-410 1675 130
-410 1697 70
-400 1700 20
-390 1584 50
-380 1562 180
-380 1592 0
-370 1530 190
-360 1435 200
-360 1476 20
-350 1431 190
-340 1383 0
-330 1341 170
-320 1363 160
-320 1377 120
-310 1287 30
-300 1238 240
-300 1250 200
-290 1197 50
-280 1148 220
-270 1142 110
-260 1106 20
-250 1049 90
-240 1032 140
-230 999 110
-230 1010 10
-220 916 120
-210 958 30
-200 856 140
-200 863 40
-190 820 150
-180 803 160
-170 772 70
-160 729 120
-150 669 90
-150 708 50
-140 677 40
-130 582 30
-130 653 10
-120 577 0
-110 531 10
-100 486 60
-100 491 0
-90 454 30
-80 388 20
-70 460 10
-60 344 0
-50 292 10
-40 276 20
-30 257 10
-20 249 0
#
