#
-600 2525 0
-580 2397 20
-580 2476 0
-570 2305 30
-560 2215 40
-560 2243 0
-550 2177 10
-540 2140 0
-530 2086 30
-520 2028 20
-510 1994 10
-500 1966 60
-490 1896 70
-480 1903 40
-480 1924 0
-470 1819 90
-470 1873 30
-460 1791 80
-460 1803 40
-450 1726 110
-450 1757 70
-440 1720 120
-440 1745 100
-430 1661 110
-420 1624 140
-410 1634 30
-400 1537 80
-400 1566 20
-390 1531 110
-380 1489 0
-370 1437 50
-360 1396 20
-350 1359 30
-340 1346 80
-330 1267 10
-320 1261 0
-310 1199 250
-300 1165 20
-290 1200 10
-280 1106 220
-280 1131 100
-270 1074 10
-260 1038 120
-250 1001 70
-240 959 140
-230 908 90
-220 869 160
-210 830 110
-200 815 80
-190 740 130
-180 734 140
-170 717 150
-160 704 120
-160 721 20
-150 643 110
-140 626 120
-140 640 100
-140 698 20
-130 559 10
-120 537 60
-120 560 0
-110 480 10
-100 467 40
-80 384 40
-70 367 50
-70 395 10
-60 298 0
-50 279 10
-40 262 20
-30 256 10
-20 240 0
#
