#
-1070 4393 30
-1060 4301 20
-1050 4198 20
-1020 3969 0
-1010 3967 30
-1000 3851 60
-1000 3854 20
-980 3712 40
-960 3621 40
-940 3532 60
-930 3512 50
-910 3421 60
-910 3508 30
-890 3419 10
-870 3331 20
-860 3265 130
-850 3231 40
-840 3155 150
-830 3065 140
-830 3073 120
-820 3130 30
-790 2974 100
-780 2969 190
-770 2827 250
-770 2852 180
-750 2717 220
-750 2784 90
-730 2639 200
-710 2627 240
-710 2639 180
-690 2545 200
-680 2505 310
-670 2491 320
-660 2409 290
-660 2540 220
-650 2376 210
-650 2451 170
-630 2333 200
-620 2284 180
-610 2258 230
-590 2168 210
-580 2167 200
-580 2191 140
-570 2041 210
-570 2256 120
-560 2076 180
-540 1949 180
-530 1849 170
-530 2002 150
-510 1835 270
-500 1761 140
-490 1725 310
-480 1753 240
-470 1663 170
-450 1622 300
-440 1640 250
-430 1565 260
-420 1519 300
-410 1430 260
-400 1638 80
-390 1501 200
-380 1324 260
-370 1312 280
-360 1405 180
-340 1252 160
-330 1219 280
-320 1133 230
-320 1246 170
-310 1150 160
-290 1225 110
-280 1096 100
-270 1098 80
-260 1072 70
-250 978 100
-250 1027 60
-240 911 90
-230 966 70
-210 805 90
-200 844 40
-190 791 90
-180 704 60
-170 738 10
-160 671 70
-150 598 30
-130 581 40
-120 543 30
-100 483 50
-90 401 0
-70 380 20
-50 370 20
#
