#
-970 4074 40
-950 3978 20
-940 3755 30
-940 3938 10
-930 3828 0
-920 3640 40
-900 3594 20
-890 3525 10
-880 3479 10
-870 3383 30
-870 3431 20
-860 3337 30
-850 3271 80
-830 3282 40
-820 3153 40
-810 3140 40
-800 3065 50
-790 3020 40
-780 3000 130
-760 2919 70
-750 2799 160
-740 2774 130
-730 2728 120
-720 2684 130
-710 2638 120
-700 2708 70
-690 2547 140
-690 2610 100
-690 2685 60
-680 2532 170
-670 2485 160
-660 2441 170
-650 2394 180
-650 2428 100
-640 2413 150
-630 2345 140
-620 2279 150
-610 2327 100
-600 2194 150
-590 2158 210
-590 2228 80
-580 2164 140
-570 2097 120
-560 2042 180
-550 1997 170
-540 1984 110
-530 1925 300
-530 1952 190
-520 1900 140
-510 1864 240
-500 1818 250
-490 1764 260
-480 1719 270
-470 1745 200
-460 1668 230
-450 1613 270
-450 1654 200
-450 1699 190
-440 1567 260
-420 1548 200
-410 1471 230
-400 1448 220
-380 1395 270
-370 1526 210
-360 1400 190
-350 1259 230
-340 1236 220
-320 1154 230
-310 1168 190
-310 1219 90
-300 1144 250
-290 1120 110
-270 1092 110
-260 1027 90
-240 1012 50
-230 989 60
-210 894 160
-210 938 120
-190 911 60
-180 793 50
-180 849 20
-160 663 70
-160 693 60
-150 698 20
-140 595 30
-130 594 80
-110 501 20
-100 485 50
-100 529 10
-90 401 0
-70 380 20
-50 370 20
#
