#
-1220 4443 40
-1190 4343 70
-1190 4346 10
-1170 4237 80
-1160 4195 30
-1140 4130 80
-1130 4144 20
-1100 3980 70
-1090 4009 60
-1080 3938 20
-1070 3869 120
-1040 3769 130
-1040 3772 90
-1020 3740 50
-1010 3676 100
-990 3543 200
-980 3582 30
-960 3458 190
-950 3491 60
-930 3357 170
-920 3401 50
-900 3263 160
-890 3226 240
-860 3131 210
-850 3062 400
-840 3055 230
-820 3041 170
-810 2975 340
-800 2905 370
-790 3036 270
-780 2874 320
-780 3008 180
-770 2947 210
-760 2753 370
-750 2703 340
-720 2645 390
-720 2682 200
-710 2730 160
-690 2569 330
-680 2555 240
-670 2505 300
-650 2472 190
-620 2213 340
-620 2294 250
-610 2367 150
-600 2201 260
-590 2113 290
-580 2101 380
-570 2009 310
-560 2029 300
-550 2067 260
-540 1917 310
-540 1930 280
-530 1996 270
-510 1849 350
-500 1803 270
-480 1729 370
-480 1752 320
-460 1690 340
-450 1637 220
-440 1622 390
-430 1637 240
-420 1621 250
-390 1501 300
-380 1428 330
-360 1327 270
-350 1325 280
-350 1352 230
-340 1271 220
-320 1536 140
-310 1158 150
-300 1208 140
-280 1038 170
-280 1287 120
-270 1051 110
-260 1100 100
-250 947 130
-230 852 140
-210 935 90
-200 864 40
-190 744 100
-180 760 60
-170 733 50
-150 660 30
-140 580 30
-120 487 30
-110 716 10
-100 473 50
-100 524 10
-90 384 0
-50 360 20
#
