#
-880 4152 60
-870 4061 60
-860 3956 80
-850 3865 80
-850 3971 40
-840 3832 100
-830 3741 100
-830 3773 80
-820 3665 10
-810 3543 20
-800 3452 10
-790 3419 40
-780 3328 30
-770 3265 40
-770 3314 30
-760 3253 50
-750 3175 40
-740 3133 50
-730 3083 20
-720 3008 50
-700 2901 160
-700 2918 30
-680 2807 180
-680 2819 120
-670 2757 120
-660 2713 130
-650 2633 120
-640 2553 160
-640 2621 150
-630 2542 100
-620 2497 150
-600 2407 130
-590 2380 180
-590 2423 80
-580 2379 210
-580 2392 170
-570 2177 160
-560 2288 110
-550 2083 180
-550 2125 140
-540 2214 90
-520 1948 180
-520 2075 170
-510 2072 60
-500 1896 160
-490 1916 80
-480 1806 140
-470 1753 230
-450 1688 160
-440 1620 260
-420 1568 240
-420 1598 170
-410 1565 200
-400 1494 190
-390 1471 220
-390 1495 180
-380 1475 200
-370 1361 220
-370 1446 160
-350 1299 260
-350 1355 240
-340 1313 250
-330 1233 240
-320 1260 210
-310 1154 220
-300 1166 210
-290 1118 180
-270 1024 180
-260 1006 90
-240 933 150
-230 889 80
-210 875 120
-190 794 80
-180 739 90
-160 704 70
-150 662 100
-140 628 30
-130 569 40
-110 495 20
-90 401 0
-70 380 20
#
