#
-900 4356 40
-890 4233 40
-880 4134 40
-870 4038 20
-860 3939 20
-850 3948 10
-840 3699 40
-840 3873 20
-830 3775 10
-820 3633 30
-810 3534 20
-800 3458 20
-790 3384 10
-780 3313 40
-770 3239 30
-760 3223 40
-750 3149 20
-740 3090 120
-730 3058 10
-710 2925 90
-700 2855 100
-690 2780 90
-680 2736 80
-660 2684 60
-640 2586 200
-630 2493 130
-620 2448 120
-600 2361 140
-590 2330 190
-590 2379 130
-570 2240 170
-560 2282 100
-550 2185 150
-540 2117 240
-540 2143 160
-520 2027 220
-520 2050 160
-510 2020 210
-500 1960 140
-490 1930 210
-480 1910 150
-470 1838 170
-470 1895 110
-460 1831 170
-450 1790 250
-440 1715 240
-440 1742 140
-420 1665 160
-410 1647 140
-400 1575 230
-390 1540 240
-380 1498 240
-380 1540 210
-370 1453 230
-360 1422 240
-360 1443 210
-350 1400 210
-350 1449 150
-340 1332 220
-340 1354 190
-330 1353 180
-320 1272 230
-300 1234 180
-290 1202 240
-280 1121 110
-270 1090 110
-260 1041 110
-250 999 110
-240 995 80
-230 946 80
-220 904 80
-210 904 70
-200 803 110
-200 855 60
-190 794 100
-180 793 130
-170 708 80
-160 691 70
-150 628 60
-140 586 50
-120 510 30
-110 493 20
-90 401 0
-70 380 20
#
