#
-940 4412 30
-930 4262 0
-920 4136 10
-910 4046 10
-890 3898 40
-890 3956 10
-880 3808 40
-870 3745 60
-860 3655 60
-850 3718 30
-840 3518 30
-830 3455 60
-820 3365 50
-800 3275 30
-790 3198 60
-780 3184 20
-770 3108 40
-750 3018 20
-730 2964 140
-720 2889 70
-720 2917 20
-710 2872 160
-700 2782 150
-690 2687 100
-680 2693 90
-670 2596 120
-660 2602 110
-650 2545 120
-640 2513 210
-630 2502 100
-620 2423 190
-610 2326 180
-600 2332 170
-600 2344 130
-590 2260 150
-580 2210 210
-560 2153 130
-550 2091 240
-540 2142 160
-530 1995 150
-520 2059 90
-510 1981 190
-500 1884 180
-490 1901 110
-470 1772 210
-460 1790 140
-450 1732 240
-430 1655 230
-420 1604 210
-420 1725 190
-400 1551 80
-390 1462 240
-380 1539 190
-370 1447 250
-370 1454 220
-360 1478 80
-350 1356 230
-350 1368 200
-340 1316 140
-330 1245 240
-320 1273 200
-320 1278 170
-310 1237 220
-300 1209 70
-290 1123 110
-280 1198 90
-270 1092 80
-260 1012 110
-240 974 110
-230 900 110
-210 883 110
-200 797 110
-190 816 10
-180 731 90
-160 675 40
-150 628 30
-130 569 40
-120 496 30
-100 479 10
-70 380 20
#
