#
-1080 4464 100
-1060 4374 120
-1040 4284 140
-1020 4194 100
-1020 4235 70
-1010 4187 60
-1000 4103 120
-970 4049 50
-950 3929 140
-950 3960 50
-940 3872 90
-920 3817 180
-910 3750 150
-900 3665 100
-880 3637 180
-860 3569 200
-850 3526 210
-850 3578 10
-840 3477 80
-820 3451 80
-810 3385 290
-810 3392 190
-800 3338 260
-790 3339 150
-780 3020 310
-770 3250 130
-760 3062 250
-760 3220 50
-750 2873 340
-750 2929 280
-740 3112 220
-740 3130 30
-730 2782 340
-710 3016 40
-700 2658 270
-690 2602 300
-690 2823 150
-670 2704 230
-660 2460 330
-640 2471 270
-610 2545 220
-600 2291 260
-600 2748 210
-590 2253 240
-580 2147 350
-580 2350 160
-570 2162 290
-560 2057 330
-550 2055 320
-530 1964 300
-530 2013 240
-510 1929 220
-490 1858 280
-480 1971 200
-460 1731 370
-460 1788 170
-450 1699 330
-430 1617 200
-420 1551 330
-410 1889 70
-400 1527 170
-390 1690 160
-370 1466 140
-360 1419 250
-350 1364 260
-340 1296 170
-320 1265 230
-300 1194 170
-290 1190 140
-280 1104 190
-250 1009 140
-240 1136 110
-230 902 140
-220 1048 130
-210 892 160
-200 805 110
-200 945 70
-180 831 100
-180 835 20
-170 671 80
-160 710 40
-130 569 40
-120 543 30
-110 497 20
-100 479 10
-90 396 0
-50 376 20
#
