#
-1050 4410 60
-1030 4226 60
-1020 4092 50
-1010 4320 30
-1000 4001 60
-990 3978 20
-980 3866 70
-960 3871 50
-940 3622 150
-940 3795 20
-930 3666 110
-920 3532 150
-910 3397 140
-900 3564 20
-890 3300 120
-880 3429 10
-850 3141 100
-850 3318 40
-840 3253 80
-830 3050 80
-810 3030 60
-810 3223 50
-800 2959 80
-790 2938 220
-780 2869 60
-770 2846 210
-760 2816 150
-750 2759 30
-740 2705 210
-730 2722 120
-720 2614 190
-710 2595 180
-700 2524 170
-680 2523 190
-670 2486 60
-660 2429 170
-650 2380 220
-630 2332 200
-620 2283 250
-610 2213 140
-600 2147 170
-580 2107 290
-570 2049 200
-570 2118 110
-570 2214 80
-560 2056 130
-550 1966 260
-540 1959 170
-520 1842 180
-500 1864 130
-480 1767 160
-470 1675 170
-460 1642 240
-460 1774 100
-450 1666 190
-440 1531 260
-420 1546 200
-410 1574 130
-390 1457 170
-380 1321 260
-370 1310 260
-370 1363 190
-360 1404 90
-350 1216 260
-350 1231 230
-330 1205 280
-320 1125 230
-310 1158 160
-290 1141 200
-280 1058 190
-260 1020 210
-260 1033 70
-240 939 90
-230 930 180
-220 928 110
-210 1064 50
-200 799 90
-200 824 40
-190 822 70
-180 705 90
-150 629 30
-120 496 30
-110 560 20
-100 485 50
-90 401 0
-50 370 20
#
