#
-1140 4379 20
-1110 4289 20
-1090 4198 10
-1070 4160 40
-1070 4168 30
-1060 4073 20
-1050 4070 20
-1030 3981 60
-1010 3895 130
-1000 3925 80
-990 3830 90
-980 3835 60
-960 3743 80
-950 3661 90
-940 3636 70
-930 3567 50
-910 3477 30
-880 3372 10
-870 3344 70
-860 3244 280
-850 3290 40
-840 3228 100
-830 3145 250
-820 3142 250
-800 3071 220
-800 3129 100
-780 3766 0
-770 2968 240
-760 2909 250
-750 2842 300
-750 2958 220
-730 2747 160
-730 2905 90
-710 2710 320
-700 2656 160
-680 2615 260
-670 2610 310
-660 2561 250
-650 2500 300
-640 2454 180
-630 2390 190
-620 2307 270
-620 2519 160
-610 2284 270
-610 2363 150
-600 2358 140
-590 2237 240
-590 2315 170
-580 2174 270
-550 2392 120
-540 2073 310
-540 2266 110
-520 2010 240
-510 1947 200
-510 2166 100
-500 1920 330
-500 1961 180
-480 1857 230
-470 1777 240
-460 1861 210
-430 1669 260
-430 1706 170
-420 1664 110
-400 1551 180
-380 1464 210
-370 1457 180
-360 1827 50
-350 1374 180
-340 1333 290
-320 1267 200
-310 1466 90
-300 1158 210
-300 1247 70
-270 1176 80
-250 1074 130
-240 977 80
-240 1003 50
-220 923 120
-210 883 80
-200 807 80
-190 766 70
-170 704 80
-160 669 70
-150 654 80
-130 573 40
-120 504 30
-110 484 40
-90 401 0
-60 371 20
#
