#
-840 3974 20
-820 3799 30
-820 3862 10
-810 3758 20
-800 3667 40
-800 3686 10
-790 3582 10
-780 3491 20
-770 3450 10
-760 3359 10
-750 3312 30
-740 3308 10
-730 3182 100
-720 3132 80
-710 3056 40
-700 3015 70
-690 2952 100
-680 2876 70
-680 2963 60
-670 2862 120
-660 2785 70
-650 2722 90
-640 2695 90
-640 2734 40
-630 2618 120
-620 2542 90
-600 2466 150
-590 2389 120
-580 2400 50
-570 2337 100
-560 2294 150
-550 2247 80
-540 2241 20
-530 2157 80
-520 2145 30
-510 2059 180
-500 2049 50
-490 1998 40
-480 1906 180
-470 1896 50
-460 1846 230
-450 1814 210
-450 1852 60
-440 1764 140
-430 1693 230
-420 1699 60
-410 1641 210
-410 1669 140
-400 1649 160
-390 1551 190
-380 1505 40
-370 1467 230
-360 1413 60
-350 1392 150
-340 1353 140
-330 1296 130
-330 1372 120
-320 1272 230
-300 1211 30
-290 1166 150
-280 1093 110
-270 1070 130
-270 1110 60
-260 1065 150
-250 998 80
-250 1064 50
-240 968 130
-230 958 110
-220 867 80
-200 789 110
-190 766 80
-180 765 50
-160 677 70
-140 586 50
-130 569 40
-120 625 30
-110 493 20
-100 633 10
-90 401 0
#
