#
-1380 5730 10
-1360 5543 30
-1360 5640 20
-1340 5446 30
-1330 5334 40
-1310 5236 40
-1300 5210 40
-1280 5146 60
-1270 5008 70
-1260 4888 70
-1240 4885 40
-1230 4764 40
-1210 4673 40
-1200 4621 80
-1180 4530 80
-1170 4412 60
-1150 4321 50
-1140 4259 60
-1130 4230 50
-1100 4077 20
-1080 3987 20
-1060 3897 20
-1050 3896 50
-1020 3758 60
-1000 3706 50
-990 3689 90
-980 3648 180
-970 3613 80
-950 3546 180
-940 3507 70
-930 3405 150
-920 3405 130
-900 3315 150
-870 3216 130
-840 3154 150
-830 3107 110
-820 3105 130
-800 2987 250
-800 3016 80
-790 2946 260
-780 2935 220
-770 2864 230
-760 2815 220
-750 2834 100
-740 2751 230
-730 2725 190
-700 2634 190
-680 2543 230
-660 2548 180
-640 2451 240
-640 2457 190
-620 2387 200
-610 2267 230
-590 2233 250
-560 2115 260
-530 1997 220
-510 1913 200
-510 1967 170
-490 1868 250
-480 2347 160
-470 1780 210
-440 1709 200
-420 1643 230
-410 1564 160
-390 1523 260
-370 1435 230
-370 1487 210
-350 1356 230
-330 1299 170
-310 1231 210
-300 1157 160
-290 1650 140
-280 1066 160
-280 1170 140
-270 1059 170
-260 1070 120
-240 979 120
-240 980 100
-230 947 130
-210 857 110
-190 831 70
-170 741 70
-150 683 30
-140 652 40
-120 537 0
-110 500 10
#
