#
-1120 5567 0
-1110 5411 10
-1100 5315 20
-1090 5209 20
-1080 5113 20
-1070 5046 20
-1060 4950 20
-1040 4854 0
-1030 4776 30
-1020 4680 20
-1000 4569 20
-990 4471 30
-970 4359 30
-940 4163 10
-930 4136 70
-920 4040 60
-900 3929 40
-880 3820 70
-880 3909 40
-860 3709 50
-830 3598 40
-810 3534 130
-800 3465 70
-790 3422 110
-760 3312 90
-750 3243 120
-740 3220 110
-730 3177 210
-720 3094 100
-710 3026 140
-690 3002 210
-680 2893 140
-660 2802 160
-660 2873 120
-640 2641 140
-640 2739 130
-630 2619 130
-610 2546 170
-600 2522 130
-580 2427 140
-560 2296 140
-550 2337 110
-540 2254 180
-530 2201 170
-510 2155 210
-490 2100 190
-480 2007 210
-470 1935 200
-460 1986 190
-440 1845 170
-430 1816 190
-390 1693 160
-390 1732 150
-380 1658 170
-370 1529 200
-360 1621 150
-350 1485 200
-340 1438 170
-320 1394 170
-310 1377 210
-300 1324 200
-290 1293 170
-290 1339 160
-280 1248 180
-270 1158 90
-260 1187 80
-240 1062 60
-230 1049 60
-210 967 60
-200 954 50
-180 865 60
-170 767 70
-160 753 60
-140 665 20
-110 570 10
-100 564 10
#
