#
-1060 5221 60
-1040 5057 50
-1030 4958 60
-1020 4882 70
-1000 4788 40
-990 4688 50
-980 4613 60
-970 4538 90
-960 4579 60
-950 4363 90
-950 4430 50
-930 4422 50
-920 4169 80
-900 4100 90
-890 4258 10
-880 4159 0
-860 3929 90
-860 3997 40
-850 3898 30
-840 3796 30
-830 3684 30
-820 3623 40
-800 3553 40
-790 3516 40
-770 3462 30
-760 3414 40
-750 3378 190
-740 3348 70
-730 3268 110
-730 3323 70
-720 3156 100
-710 3095 100
-690 3024 100
-680 2987 100
-660 2917 80
-650 2886 70
-630 2819 80
-620 2732 100
-620 2795 70
-600 2681 170
-590 2586 130
-570 2542 210
-560 2492 160
-550 2448 100
-530 2356 190
-520 2296 190
-500 2225 170
-500 2252 150
-480 2178 120
-460 2067 180
-460 2142 170
-440 2002 110
-430 1922 180
-420 1938 140
-410 1863 160
-400 1787 170
-390 1756 160
-370 1741 120
-360 1704 170
-350 1637 150
-340 1646 120
-320 1534 170
-300 1449 160
-290 1369 80
-280 1344 80
-270 1268 90
-250 1199 80
-240 1122 90
-220 1104 80
-210 1087 50
-200 1039 60
-190 1009 90
-180 933 90
-150 866 20
-140 790 30
-120 771 20
-110 695 20
-90 679 20
-80 603 20
#
