#
-1290 5764 20
-1270 5672 20
-1260 5554 40
-1250 5581 10
-1230 5299 50
-1220 5462 40
-1210 5206 40
-1190 5087 30
-1180 4961 80
-1170 4884 50
-1160 4869 70
-1150 4793 30
-1140 4710 100
-1130 4660 60
-1120 4661 50
-1110 4548 80
-1080 4488 120
-1070 4282 80
-1060 4260 130
-1040 4206 100
-1030 4341 60
-1020 4087 80
-1010 4250 60
-1000 4059 120
-1000 4169 60
-990 3993 50
-970 3947 150
-950 3786 150
-950 3862 90
-930 3635 110
-910 3632 130
-900 3532 80
-890 3505 110
-860 3401 80
-840 3311 80
-830 3300 90
-810 3220 80
-800 3175 180
-790 3049 80
-770 3032 190
-760 2936 90
-740 2867 30
-730 2815 120
-710 2766 40
-700 2719 150
-680 2598 190
-670 2628 120
-650 2484 190
-630 2416 140
-620 2402 220
-600 2320 130
-580 2248 190
-570 2219 220
-560 2181 160
-550 2158 190
-540 2086 140
-530 2054 170
-520 2038 200
-510 1990 120
-500 1945 200
-490 1860 130
-460 1794 200
-460 1815 120
-450 1719 170
-430 1626 120
-420 1606 160
-400 1530 120
-380 1504 140
-370 1421 150
-350 1377 200
-340 1324 150
-320 1238 160
-300 1206 140
-290 1129 160
-280 1133 130
-270 1071 150
-250 1051 130
-240 981 110
-220 916 70
-210 914 110
-190 820 40
-170 741 40
-170 783 30
-150 669 30
-140 624 40
-120 574 0
-110 530 10
-90 529 20
#
