#
-1190 5566 10
-1180 5404 10
-1170 5285 20
-1160 5124 20
-1150 5278 10
-1140 4979 30
-1140 4997 10
-1120 4853 20
-1100 4724 50
-1090 4750 20
-1080 4579 50
-1060 4454 50
-1050 4477 40
-1040 4357 50
-1030 4331 80
-1020 4265 60
-1010 4273 50
-1000 4228 70
-990 4141 80
-970 4017 80
-950 3947 40
-920 3833 100
-910 3818 70
-890 3733 20
-880 3673 110
-860 3641 40
-850 3503 190
-830 3419 220
-830 3492 170
-810 3458 150
-790 3378 180
-780 3139 190
-770 3019 160
-770 3300 110
-760 2987 170
-750 3215 150
-740 2895 150
-730 3186 120
-720 2868 180
-700 2797 230
-700 3109 100
-680 3081 120
-670 2652 170
-670 3013 110
-660 2991 120
-650 2560 150
-640 2606 130
-630 2552 140
-620 2464 150
-590 2369 180
-580 2296 210
-570 2264 220
-540 2230 160
-530 2143 210
-520 2176 140
-510 2022 220
-500 2019 200
-490 2078 140
-470 1929 180
-460 1832 200
-440 1777 200
-440 1902 140
-420 1738 130
-410 1678 200
-390 1640 130
-380 1579 210
-360 1548 140
-340 1375 200
-340 1486 130
-330 1451 140
-320 1360 180
-310 1280 210
-300 1278 130
-290 1212 120
-260 1114 90
-240 1090 100
-220 1012 80
-210 969 90
-190 905 90
-170 760 50
-140 665 20
-130 659 30
-120 701 0
-100 564 10
#
