#
-1460 5891 30
-1440 5801 20
-1430 5800 20
-1410 5699 40
-1390 5602 30
-1360 5506 20
-1350 5468 70
-1340 5412 50
-1330 5287 140
-1330 5366 120
-1320 5273 130
-1290 5171 70
-1280 5066 80
-1250 4974 90
-1250 5031 70
-1240 4875 90
-1220 4779 70
-1210 4770 120
-1200 4686 140
-1190 4689 60
-1170 4678 120
-1160 4531 100
-1150 4501 120
-1150 4597 40
-1130 4408 110
-1120 4360 100
-1100 4257 110
-1090 4204 80
-1080 4161 130
-1040 4012 90
-1010 3930 110
-990 3877 330
-970 3753 310
-960 3702 310
-920 3643 270
-890 3545 290
-880 3469 300
-870 3420 290
-870 3514 150
-860 3379 320
-840 3376 250
-830 3304 240
-820 3280 260
-810 3214 260
-800 3110 320
-780 3050 290
-770 2959 240
-740 2911 200
-740 3090 150
-720 2848 170
-710 2785 260
-680 2704 170
-670 2646 280
-670 2775 130
-650 2604 200
-640 2516 330
-640 2544 280
-630 2544 290
-600 2297 240
-590 2368 180
-570 2280 250
-560 2124 230
-530 2123 210
-520 2166 190
-510 2068 300
-500 2013 180
-480 1882 180
-470 1844 250
-440 1738 220
-420 1645 180
-410 1877 160
-400 1611 300
-380 1549 230
-380 1784 160
-370 1515 270
-360 1467 180
-340 1352 240
-320 1285 220
-320 1288 190
-300 1203 180
-280 1417 130
-270 1209 90
-250 1083 130
-240 1022 90
-220 1148 70
-210 886 60
-190 875 100
-180 800 60
-160 932 30
-150 707 30
-140 613 40
-120 527 0
-100 471 10
#
