#
-1480 5822 20
-1460 5732 30
-1450 5728 20
-1420 5618 50
-1390 5521 80
-1390 5534 60
-1360 5435 20
-1350 5281 100
-1340 5354 50
-1330 5345 30
-1310 5144 110
-1290 5072 100
-1280 5049 110
-1260 4982 130
-1220 4858 140
-1210 5138 50
-1200 4778 60
-1170 4682 110
-1150 4526 120
-1140 4499 350
-1140 4586 80
-1120 4396 330
-1120 4432 150
-1120 4436 120
-1100 4316 230
-1090 4305 290
-1070 4188 290
-1060 4166 320
-1040 4095 320
-1020 4106 300
-1020 4132 280
-1000 3971 310
-1000 4004 230
-980 3904 200
-970 3859 280
-960 3723 320
-950 3774 170
-930 3632 290
-900 3563 280
-890 3639 170
-880 3548 260
-870 3458 140
-860 3440 350
-850 3432 270
-840 3367 140
-810 3201 260
-790 3161 340
-780 3070 330
-780 3113 260
-760 3140 190
-750 2979 290
-740 2849 220
-720 2991 90
-700 2833 270
-680 2774 310
-670 2618 340
-650 2704 190
-640 2480 280
-620 2517 160
-610 2375 240
-600 2496 160
-580 2350 240
-560 2297 230
-550 2151 240
-530 2193 190
-510 2049 220
-510 2166 210
-490 1822 240
-480 1964 200
-480 2159 100
-460 1906 190
-440 1787 220
-430 1716 330
-420 2294 90
-400 1635 220
-380 1589 180
-360 1581 130
-350 1418 150
-340 1355 210
-330 1342 180
-320 1303 160
-320 1462 100
-300 1161 180
-280 1082 100
-250 1067 70
-220 891 70
-210 1061 20
-190 817 30
-180 744 30
-160 692 30
-140 602 40
-130 675 10
-120 502 0
-110 470 10
#
