#
-1330 5780 20
-1310 5690 30
-1300 5595 40
-1280 5594 0
-1260 5498 20
-1250 5367 80
-1250 5415 30
-1240 5354 40
-1230 5264 30
-1220 5181 80
-1190 5063 60
-1180 5072 50
-1170 4944 60
-1160 4943 70
-1150 4852 60
-1130 4776 90
-1110 4674 40
-1100 4662 70
-1090 4573 70
-1080 4565 70
-1060 4437 160
-1050 4471 80
-1040 4345 160
-1020 4384 90
-1010 4247 190
-1000 4200 260
-990 4116 140
-980 4109 240
-970 4024 140
-950 4011 310
-940 3913 210
-930 3884 240
-920 3842 110
-910 3803 220
-900 3802 320
-890 3725 170
-880 3653 190
-870 3591 220
-850 3572 280
-840 3495 270
-840 3495 290
-840 3496 250
-810 3375 180
-810 3429 130
-780 3282 230
-760 3183 240
-740 3105 270
-730 3023 290
-720 2906 190
-690 2811 220
-680 2721 180
-670 2719 210
-650 2628 230
-630 2537 150
-620 2488 230
-600 2395 230
-590 2393 230
-570 2305 200
-550 2210 230
-550 2221 150
-540 2208 230
-520 2124 120
-490 2022 230
-470 1895 200
-440 1798 170
-420 1709 200
-390 1652 170
-380 1548 280
-370 1501 240
-350 1395 100
-330 1355 240
-320 1269 100
-300 1176 100
-270 1069 100
-270 1618 80
-240 974 100
-220 883 100
-190 804 60
-170 717 50
-160 693 60
-140 618 40
-120 531 0
-110 530 10
-100 475 10
#
