#
-1280 5580 40
-1260 5378 40
-1230 5188 90
-1220 5299 10
-1210 5002 20
-1190 4907 20
-1160 4806 20
-1140 4707 40
-1110 4617 30
-1090 4315 80
-1080 4247 80
-1080 4388 70
-1070 4436 40
-1060 4219 160
-1040 4071 100
-1040 4131 60
-1030 4001 80
-1010 3906 60
-1000 3905 60
-980 3814 60
-970 3728 30
-950 3644 50
-930 3552 50
-920 3551 80
-900 3508 170
-890 3420 250
-890 3500 180
-870 3381 110
-860 3311 250
-850 3265 110
-830 3245 100
-820 3160 80
-810 3126 260
-800 3122 270
-790 3065 110
-770 3048 160
-760 2895 240
-740 2807 220
-740 2958 190
-730 2942 200
-720 2773 240
-710 2781 190
-700 2620 230
-690 2608 190
-680 2532 230
-670 2506 230
-640 2419 170
-630 2401 230
-620 2693 130
-610 2342 140
-600 2282 260
-590 2241 140
-570 2224 140
-560 2164 240
-550 2138 170
-530 2066 230
-520 1981 260
-510 1936 210
-500 2096 150
-480 1846 210
-470 1895 200
-460 1764 200
-440 1706 200
-430 1674 210
-410 1601 170
-390 1806 160
-380 1621 160
-370 1481 210
-350 1385 200
-350 1552 150
-340 1328 200
-310 1237 170
-280 1142 180
-270 1111 120
-260 1076 120
-240 1008 120
-230 976 130
-210 953 90
-200 873 70
-180 856 60
-170 779 70
-150 669 30
-140 749 20
-120 574 0
-90 529 20
#
