#
-1140 5567 80
-1130 5470 80
-1110 5307 100
-1100 5372 50
-1090 5098 80
-1090 5260 50
-1080 5106 50
-1070 4964 80
-1060 4942 70
-1050 4846 70
-1040 4823 110
-1040 4896 60
-1030 4711 70
-1020 4615 60
-1010 4592 110
-990 4470 90
-980 4429 100
-980 4499 80
-970 4371 40
-960 4268 40
-950 4225 220
-930 4110 180
-920 4068 210
-910 3972 210
-900 3922 180
-880 3761 160
-880 4057 100
-870 3877 30
-850 3756 240
-830 3669 250
-820 3776 150
-810 3650 100
-800 3302 180
-790 3546 10
-780 3206 180
-760 3117 180
-750 3444 40
-730 3003 150
-720 3354 40
-710 2993 190
-690 2910 160
-680 2769 200
-670 2757 250
-660 2668 170
-650 2646 140
-640 2715 120
-630 2554 140
-620 2488 180
-600 2394 120
-590 2387 210
-570 2299 150
-560 2272 180
-540 2139 200
-540 2209 150
-500 2029 180
-490 1958 230
-490 2086 150
-460 1845 200
-440 1841 180
-420 1747 160
-420 1921 150
-400 1670 170
-390 1641 170
-380 1810 150
-370 1580 140
-360 1504 190
-350 1467 230
-340 1395 170
-320 1756 130
-310 1297 210
-280 1375 90
-270 1199 180
-260 1118 90
-250 1115 150
-230 1023 90
-220 1015 50
-210 973 90
-190 904 50
-160 753 60
-160 822 20
-140 665 20
-120 627 0
-100 564 10
#
