#
-1640 8046 70
-1620 7939 60
-1600 7589 70
-1590 7849 60
-1580 7427 70
-1580 7744 60
-1550 7337 60
-1530 7036 70
-1520 7187 50
-1510 6945 90
-1480 6892 120
-1470 6806 60
-1460 6588 40
-1440 6494 40
-1430 6264 40
-1410 6390 10
-1400 6145 20
-1380 6011 30
-1370 6027 20
-1350 5802 20
-1310 5740 140
-1300 5507 80
-1290 5570 60
-1280 5417 100
-1250 5270 90
-1240 5381 40
-1220 5134 90
-1210 5203 50
-1190 5043 70
-1180 5024 310
-1150 5004 100
-1130 4736 270
-1130 4866 250
-1120 4790 150
-1110 4546 270
-1080 4641 220
-1060 4361 240
-1060 4581 200
-1010 4197 260
-1000 4079 230
-1000 4275 190
-970 4131 190
-960 4482 120
-930 3958 190
-910 3897 190
-880 3789 180
-870 3553 260
-850 3511 270
-830 3629 180
-820 3411 240
-800 3353 250
-790 3317 240
-790 3689 140
-780 3256 220
-750 3450 210
-740 3109 190
-720 3015 220
-710 3219 170
-690 2944 150
-660 2749 230
-650 2841 170
-630 2675 170
-610 2593 240
-570 2452 260
-560 2311 200
-550 2263 200
-520 2169 230
-510 2304 160
-490 2074 200
-480 2024 210
-460 2137 160
-440 1903 240
-420 1802 150
-390 1784 260
-360 1660 240
-350 1693 130
-340 1559 210
-330 1556 130
-320 1507 210
-310 1431 150
-270 1296 150
-260 1261 110
-250 1231 120
-210 1141 80
-200 1089 80
-180 1178 20
-160 938 10
-150 929 0
-130 854 10
-120 802 10
#
