#
-1330 7502 30
-1320 7272 40
-1310 7361 20
-1300 7131 30
-1290 7000 30
-1270 6835 30
-1260 6703 50
-1250 6591 50
-1240 6460 50
-1230 6328 50
-1220 6197 50
-1200 6087 50
-1190 6076 100
-1170 5936 90
-1150 5673 90
-1140 5827 80
-1120 5432 90
-1110 5586 80
-1100 5330 90
-1100 5739 70
-1090 5479 70
-1080 5249 60
-1070 5129 80
-1040 4884 50
-1030 4806 80
-1030 4875 50
-1010 4773 50
-1000 4724 70
-990 4685 60
-960 4579 50
-940 4481 40
-930 4357 120
-920 4385 40
-910 4267 180
-900 4133 160
-890 4002 150
-860 3892 150
-850 3795 130
-830 3880 90
-820 3685 130
-790 3532 130
-770 3368 120
-750 3596 70
-740 3258 120
-730 3441 70
-720 3164 100
-700 3938 60
-690 3011 120
-680 2981 120
-670 2916 100
-650 2826 100
-640 2822 170
-620 2699 190
-610 2681 180
-590 2606 190
-560 2533 180
-530 2416 80
-510 2353 120
-500 2328 110
-490 2290 110
-480 2129 140
-460 2262 110
-440 2095 110
-430 1946 90
-390 1848 140
-370 1821 120
-360 1717 90
-340 1618 150
-320 1533 90
-310 1512 90
-280 1414 90
-250 1345 90
-240 1334 160
-230 1244 80
-220 1232 90
-190 1134 90
-160 1056 60
-140 963 60
-120 875 20
-100 871 0
-90 822 10
#
