#
-1200 7113 20
-1190 7022 20
-1170 6838 10
-1160 6728 50
-1160 6786 20
-1150 6635 40
-1140 6544 40
-1130 6398 50
-1130 6492 40
-1120 6355 40
-1110 6256 50
-1100 6194 50
-1090 6090 50
-1080 5944 50
-1070 5901 50
-1060 5801 40
-1050 5651 50
-1030 5495 50
-1010 5352 30
-1000 5251 60
-990 5260 40
-980 5108 40
-960 5544 10
-950 5699 0
-940 4906 30
-940 4926 20
-920 4813 30
-900 4758 170
-890 4639 50
-890 4723 20
-880 4462 140
-860 4565 20
-850 4357 170
-840 4258 140
-830 4472 110
-820 4149 160
-810 4380 100
-800 4206 70
-790 4062 90
-780 3866 180
-770 3969 130
-750 3681 120
-740 3811 70
-720 3576 150
-710 3610 130
-700 3433 120
-700 3499 110
-680 3341 100
-670 3313 140
-650 3167 130
-650 3268 80
-640 3251 100
-630 3131 150
-620 3009 120
-600 2972 120
-590 2960 170
-580 2887 120
-570 2812 130
-560 2840 80
-550 2712 120
-520 2631 130
-510 2560 150
-480 2393 160
-450 2295 180
-450 2303 160
-450 2525 50
-440 2358 100
-430 2191 160
-430 2254 150
-420 2428 50
-400 2052 160
-400 2316 80
-380 1976 180
-370 2092 80
-350 1901 110
-320 1756 120
-310 1721 110
-310 1832 90
-300 1678 160
-290 1640 110
-270 1550 70
-250 1515 110
-240 1411 60
-210 1305 40
-180 1205 40
-150 1253 30
-140 1112 30
-120 1109 10
#
