#
-1800 8197 70
-1770 8106 70
-1750 8064 40
-1720 7913 60
-1700 7749 50
-1680 7648 60
-1660 7562 30
-1640 7466 10
-1610 7413 130
-1600 7283 70
-1570 7145 90
-1560 7207 30
-1540 7076 10
-1520 6959 110
-1510 6830 300
-1480 6817 130
-1450 6684 190
-1450 6719 150
-1430 6858 50
-1420 6547 320
-1420 6601 290
-1410 6369 330
-1410 6547 190
-1370 6215 340
-1360 6229 330
-1360 6349 240
-1330 5995 330
-1310 6075 120
-1300 5893 310
-1290 5822 330
-1270 5842 280
-1240 5627 330
-1240 5710 240
-1190 5443 250
-1160 5210 310
-1160 5351 250
-1160 5570 130
-1140 5268 300
-1130 5453 160
-1080 4998 330
-1070 5110 300
-1050 5094 220
-1040 4987 340
-1020 4664 240
-990 4419 310
-990 4573 240
-930 4446 200
-920 4427 270
-900 4353 180
-880 4124 290
-870 3913 290
-860 3988 280
-830 4195 200
-820 3904 210
-790 3720 170
-780 3419 250
-740 3549 220
-740 3935 110
-720 3211 260
-720 3257 170
-690 3831 120
-670 3099 190
-650 2964 340
-630 2909 340
-620 2882 160
-610 2761 260
-590 2650 280
-580 2589 230
-580 2850 140
-570 2591 210
-550 2486 230
-530 2694 150
-520 2366 140
-500 2242 180
-470 2123 160
-440 2330 80
-420 2178 100
-380 1874 220
-360 2156 90
-350 1796 180
-340 2019 90
-330 1549 180
-310 1542 120
-300 1515 150
-300 1693 100
-290 1404 160
-270 1373 40
-230 1229 40
-200 1001 40
-190 1041 20
-170 905 10
-150 836 0
-110 791 20
#
