#
-1380 7477 40
-1370 7385 40
-1350 7182 50
-1340 7124 40
-1320 6767 60
-1320 7029 40
-1290 6824 30
-1280 6710 120
-1260 6410 40
-1250 6640 0
-1240 6205 30
-1230 6550 20
-1220 6033 90
-1200 5767 90
-1190 5930 20
-1170 5671 60
-1160 5787 40
-1150 5551 80
-1130 5404 50
-1110 5265 50
-1090 5173 50
-1060 4826 200
-1050 5035 80
-1030 4705 200
-1010 4856 170
-1000 4916 150
-990 5011 60
-980 4401 180
-980 4625 120
-970 4532 120
-950 4475 130
-940 4214 140
-920 4039 140
-920 4384 130
-900 3947 140
-890 3863 120
-880 4201 110
-860 3742 120
-830 3589 90
-820 3558 100
-810 3495 120
-790 3426 110
-770 3312 120
-750 3378 90
-740 3194 130
-710 3041 120
-690 3005 180
-680 2920 110
-660 2830 110
-620 2682 170
-620 2778 160
-590 2588 170
-570 2460 210
-550 2368 190
-550 2501 150
-530 2348 160
-490 2232 150
-460 2101 180
-450 2043 180
-440 2124 160
-420 1998 150
-400 1889 210
-380 1799 190
-380 1895 180
-360 1839 160
-350 1688 120
-330 1598 120
-290 1493 120
-260 1360 70
-240 1298 80
-240 1311 70
-220 1207 60
-190 1110 50
-150 1039 60
-150 1335 20
-140 1000 60
-110 917 10
-80 855 10
#
