#
-1280 7604 40
-1270 7465 30
-1260 7048 30
-1250 7208 20
-1240 6791 10
-1230 6677 10
-1220 6523 30
-1210 6409 30
-1210 6585 20
-1200 6208 30
-1190 6083 50
-1190 6093 30
-1180 5940 30
-1170 5933 30
-1160 5820 30
-1150 5646 30
-1140 5526 20
-1130 5526 30
-1120 5364 20
-1100 5203 0
-1080 5112 20
-1060 5020 20
-1050 4899 30
-1030 4808 30
-1010 4699 50
-990 4583 80
-990 4608 70
-970 4491 80
-960 4366 140
-950 4399 80
-940 4274 140
-930 4154 140
-910 4062 140
-890 3970 140
-860 3869 150
-840 3833 200
-830 3654 140
-800 3543 140
-780 3452 120
-770 3449 140
-750 3363 140
-730 3187 120
-720 3169 120
-710 3085 200
-700 3077 110
-670 2902 180
-650 2986 110
-640 2820 110
-620 2702 170
-590 2735 110
-580 2535 170
-550 2445 160
-530 2859 50
-520 2343 180
-510 2554 60
-500 2321 180
-480 2198 180
-450 2109 200
-440 2159 180
-410 1954 160
-400 1931 130
-400 2030 100
-380 1810 160
-360 1748 150
-340 1658 130
-330 1643 180
-320 1638 160
-310 1568 100
-300 1491 90
-280 1452 170
-280 1645 60
-270 1394 90
-240 1306 60
-220 1207 60
-190 1115 60
-160 1062 70
-130 965 40
-100 867 20
#
