#
-1890 8187 50
-1860 8031 80
-1860 8093 50
-1840 7941 100
-1810 7837 70
-1790 7686 40
-1760 7596 40
-1740 7553 140
-1710 7365 140
-1690 7273 160
-1690 7306 70
-1680 7274 140
-1640 7289 30
-1630 7118 30
-1620 7016 20
-1610 6918 160
-1590 6814 100
-1560 6739 380
-1530 6704 380
-1510 6559 360
-1500 6472 80
-1480 6455 380
-1460 6279 340
-1430 6189 340
-1430 6217 310
-1420 6412 230
-1400 6021 230
-1380 5934 170
-1370 5831 250
-1350 5808 170
-1330 5643 250
-1310 5691 190
-1290 5566 230
-1270 5561 220
-1240 5420 340
-1240 5518 200
-1220 5276 170
-1200 5144 360
-1170 5043 180
-1160 5018 350
-1150 5012 360
-1120 4873 300
-1100 4742 330
-1080 4785 300
-1070 4623 260
-1060 4496 220
-1030 4331 300
-990 4313 320
-990 4560 150
-980 4173 350
-960 4074 270
-870 3826 210
-850 3593 320
-830 3552 330
-810 3483 320
-800 3988 190
-790 3797 200
-780 3242 250
-760 3777 210
-750 3135 280
-740 3687 210
-720 3031 280
-720 3109 260
-690 2939 270
-670 2849 270
-640 2877 250
-630 3100 100
-620 2758 270
-600 2516 290
-570 2600 240
-560 2668 90
-550 2424 240
-550 2595 130
-520 2331 130
-510 2120 300
-480 2058 330
-460 2283 120
-440 1974 150
-420 1878 150
-410 1903 110
-380 1610 110
-330 1575 110
-310 1761 60
-280 1367 100
-270 1256 60
-230 1215 30
-220 1145 120
-200 1097 30
-190 1001 40
-170 1227 10
-150 836 0
-140 806 10
-100 788 20
#
