#
-1480 7539 40
-1460 7442 50
-1450 7171 70
-1440 7208 20
-1430 7092 10
-1410 6939 50
-1400 6789 30
-1390 6663 70
-1380 6571 60
-1370 6422 40
-1350 6310 40
-1340 6177 40
-1320 6065 40
-1310 5956 40
-1290 5864 60
-1290 5971 20
-1260 5651 60
-1250 5523 30
-1220 5426 40
-1200 5308 30
-1190 5243 30
-1170 5160 50
-1150 5041 80
-1150 5121 0
-1130 4950 80
-1110 4860 80
-1100 4827 50
-1080 4661 220
-1070 4721 70
-1050 4563 50
-1020 4473 50
-1010 4338 180
-1000 4265 230
-990 4195 210
-970 4381 80
-960 4020 180
-950 4171 90
-920 3816 200
-910 3930 160
-900 4081 90
-890 3731 160
-870 3634 190
-840 3483 190
-810 3372 200
-800 3511 180
-790 3387 170
-780 3270 170
-760 3158 200
-750 3214 180
-740 3109 180
-730 2982 170
-730 3109 130
-720 2980 200
-700 2917 190
-690 2921 130
-670 2771 120
-660 2766 160
-640 2590 130
-620 2681 110
-600 2464 130
-580 2401 160
-550 2354 180
-540 2262 150
-530 2286 120
-500 2223 140
-470 2126 150
-450 2046 150
-430 1963 140
-410 1942 160
-400 1865 140
-380 1761 120
-350 1689 150
-340 1615 160
-320 1612 120
-310 1544 170
-270 1427 120
-260 1512 70
-240 1363 50
-210 1195 70
-200 1269 40
-180 1057 40
-160 1053 60
-130 955 40
-120 962 30
-100 806 20
#
