#
-1440 7977 60
-1420 7783 80
-1420 7885 40
-1410 7586 40
-1390 7423 40
-1380 7334 70
-1350 7185 0
-1340 6805 80
-1340 7095 10
-1330 6851 20
-1320 6714 80
-1300 6567 60
-1270 6418 30
-1260 6002 70
-1240 5958 70
-1240 6326 60
-1230 5868 70
-1220 5495 110
-1210 6126 50
-1200 5403 110
-1190 5378 140
-1170 5286 60
-1150 5124 60
-1140 5076 50
-1130 5011 80
-1110 5568 10
-1100 4907 50
-1080 4800 50
-1050 4673 50
-1040 4673 40
-1030 4570 260
-1020 4465 200
-1010 4318 250
-990 4362 190
-970 4250 190
-950 3995 220
-940 4158 190
-930 4566 150
-920 4065 200
-900 4083 170
-890 3758 190
-870 4009 150
-840 3719 200
-830 3543 240
-820 3382 220
-810 3423 160
-800 3873 130
-790 3257 210
-770 3167 210
-750 3150 210
-730 3088 240
-710 3210 170
-700 2992 190
-700 3599 120
-670 2749 230
-650 2662 230
-640 2827 150
-620 2538 190
-590 2623 150
-560 2396 140
-550 2245 190
-530 2302 150
-520 2159 160
-500 2487 120
-480 2061 130
-470 2030 180
-450 1971 130
-440 1873 180
-420 1800 160
-410 1936 100
-400 1713 170
-380 1697 120
-340 1611 210
-330 1478 170
-330 1539 120
-300 1374 170
-290 1463 120
-280 1400 120
-260 1307 90
-230 1216 100
-220 1147 90
-190 1354 60
-170 1020 30
-170 1686 20
-150 965 30
-140 916 20
-120 861 30
-100 806 20
#
