#
-1500 8175 70
-1480 8083 90
-1460 7872 60
-1430 7776 60
-1410 7557 50
-1380 7426 130
-1370 7481 110
-1360 7263 80
-1340 7150 80
-1320 7049 100
-1300 7056 90
-1290 6812 280
-1290 6879 100
-1280 6964 70
-1270 6667 90
-1260 6705 50
-1250 6234 70
-1240 6191 110
-1230 6501 40
-1220 6133 70
-1200 5994 110
-1190 5896 60
-1170 5896 110
-1150 5735 70
-1130 5453 140
-1120 5543 130
-1100 5058 140
-1090 5453 80
-1070 5167 110
-1060 5307 30
-1030 5147 120
-1020 4775 280
-1020 4929 90
-1010 4661 90
-990 4534 90
-970 4815 80
-960 4429 100
-930 4384 90
-920 4221 110
-900 4282 90
-890 4119 130
-870 4131 120
-860 3979 110
-830 3868 80
-810 3738 210
-800 3741 200
-790 3700 210
-780 3638 190
-770 3581 210
-760 3511 200
-740 3472 220
-710 3286 220
-710 3318 160
-690 3259 170
-680 3174 190
-650 3077 140
-630 3039 190
-620 2905 230
-600 2861 210
-580 2722 170
-540 2598 150
-530 2533 190
-530 2587 150
-510 2472 150
-480 2340 160
-450 2254 170
-430 2190 160
-420 2106 150
-410 2002 160
-380 1929 200
-370 1838 120
-350 1742 170
-340 1742 180
-320 1655 180
-310 1627 150
-270 1537 190
-260 1497 170
-250 1400 120
-240 1389 80
-220 1294 130
-190 1113 30
-150 1055 0
-140 991 10
-130 862 20
-120 853 10
-100 807 20
#
