#
-1250 6296 70
-1240 6193 60
-1220 6102 40
-1210 5985 110
-1200 5881 100
-1180 5791 80
-1170 5596 130
-1160 5470 140
-1150 5607 50
-1130 5276 170
-1120 5144 180
-1110 5186 150
-1100 5054 160
-1080 4892 220
-1070 4870 130
-1060 4802 200
-1040 4700 260
-1020 4610 240
-1000 4557 320
-990 4426 210
-970 4363 290
-940 4058 360
-920 3968 340
-910 3863 390
-910 3868 350
-900 4299 40
-890 3773 370
-880 3684 320
-870 4237 150
-860 3589 340
-850 4050 90
-840 3592 280
-820 3477 500
-820 3497 300
-810 3374 490
-790 3282 510
-790 3283 470
-780 3403 340
-770 3191 490
-760 3100 440
-740 3007 460
-720 3007 400
-700 2915 420
-690 2906 510
-690 3018 170
-680 3052 60
-650 2814 470
-640 2790 560
-620 2631 100
-600 2537 80
-600 2636 40
-580 2540 20
-560 2440 0
-540 2280 220
-520 2142 200
-520 2354 140
-500 2048 180
-490 2131 70
-470 2036 50
-460 1956 140
-440 1855 120
-430 1854 250
-420 1778 360
-400 1674 340
-370 1547 50
-350 1454 70
-330 1401 250
-330 1416 190
-320 1302 240
-300 1206 220
-290 1110 230
-270 998 190
-230 905 150
-200 717 120
-190 620 130
-180 625 100
-170 526 90
-150 434 70
-130 523 50
-100 315 20
-80 407 0
-70 311 10
-50 216 30
#
