#
-1310 6188 10
-1290 6081 30
-1280 5990 20
-1270 5840 10
-1260 5704 0
-1240 5614 20
-1220 5411 40
-1200 5320 20
-1190 5229 110
-1190 5427 10
-1170 5121 90
-1150 5031 70
-1130 5045 50
-1090 4900 10
-1080 4755 0
-1050 4655 30
-1030 4496 270
-1020 4609 240
-1010 4389 250
-1000 4298 260
-990 4268 310
-980 4208 240
-970 4160 290
-960 4005 140
-930 3841 170
-910 3698 190
-890 3605 210
-880 3544 120
-870 3454 130
-860 3408 140
-840 3316 160
-840 3377 80
-820 3225 180
-820 3241 100
-800 3134 200
-800 3148 120
-790 3052 130
-770 3093 10
-760 2946 240
-730 2864 50
-720 2816 120
-700 2719 300
-690 2686 230
-670 2568 330
-660 2507 340
-640 2415 360
-640 2502 140
-620 2340 300
-620 2402 160
-600 2248 320
-570 2245 350
-560 2274 180
-550 2229 170
-540 2198 460
-530 2130 150
-500 1961 280
-480 1862 300
-450 1766 70
-440 1773 60
-430 1747 350
-410 1672 270
-390 1542 310
-380 1505 340
-370 1396 270
-350 1264 250
-340 1406 120
-330 1165 230
-320 1247 180
-300 1065 260
-300 1113 220
-300 1270 80
-280 992 220
-270 907 190
-260 893 200
-230 746 90
-220 698 100
-220 736 60
-200 608 140
-180 537 140
-180 651 40
-180 662 0
-170 525 150
-140 443 40
-110 437 30
-90 327 10
-80 365 0
-60 228 20
-50 216 30
#
