#
-1380 6534 0
-1360 6353 0
-1350 6329 30
-1340 6238 20
-1320 5973 0
-1310 5847 10
-1280 5651 20
-1250 5549 70
-1230 5357 30
-1220 5353 40
-1180 5078 140
-1160 4980 160
-1150 4882 110
-1140 4784 120
-1110 4685 150
-1110 4790 70
-1090 4692 90
-1080 4293 240
-1070 4612 30
-1050 4097 210
-1030 4153 190
-1030 4415 70
-1000 3983 260
-980 3877 360
-970 3786 350
-970 3828 130
-950 3698 330
-920 3661 300
-900 3439 360
-900 3498 280
-870 3337 390
-860 3347 320
-840 3185 420
-830 3223 270
-810 3094 450
-800 3093 380
-790 3281 230
-770 3001 410
-760 2920 340
-750 3121 290
-730 2824 370
-720 2738 140
-710 2593 150
-670 2402 150
-660 2400 100
-650 2337 190
-640 2237 180
-640 2381 80
-620 2146 200
-600 2046 220
-590 2087 30
-560 1988 0
-550 1835 270
-530 1804 330
-510 1704 310
-500 1682 320
-490 1615 330
-470 1594 50
-460 1504 160
-440 1425 20
-420 1329 0
-410 1297 210
-400 1254 20
-380 1166 240
-380 1199 180
-350 1023 70
-330 1016 90
-330 1191 50
-310 900 230
-300 870 120
-280 840 60
-270 779 90
-260 712 100
-250 646 170
-230 919 50
-210 568 110
-170 651 30
-150 470 50
-140 523 40
-120 339 20
-90 378 10
-80 277 0
-50 216 30
#
