#
-1410 6528 30
-1390 6437 10
-1360 6159 60
-1360 6277 20
-1350 6037 70
-1330 5941 90
-1310 5784 10
-1280 5598 20
-1260 5341 60
-1260 5356 20
-1240 5229 40
-1230 5115 50
-1220 4984 100
-1200 4757 80
-1190 4651 110
-1190 4801 70
-1180 4609 120
-1180 5035 40
-1160 4386 140
-1140 4332 180
-1140 4408 120
-1120 4207 160
-1120 4294 100
-1090 4110 130
-1070 4012 230
-1040 4077 180
-1030 3922 190
-1010 3825 210
-980 3811 340
-970 3700 350
-960 3622 260
-950 3454 350
-940 3459 340
-940 3530 280
-920 3452 300
-910 3362 310
-870 3493 270
-860 3172 360
-850 3276 250
-840 3066 180
-840 3205 160
-800 2878 200
-790 2865 130
-780 2774 220
-760 2681 200
-750 2580 250
-730 2487 230
-700 2385 300
-690 2561 170
-680 2291 280
-660 2262 340
-650 2255 370
-640 2193 320
-640 2470 120
-630 2134 30
-610 2065 390
-590 1972 370
-580 1944 80
-550 1739 50
-530 1743 10
-520 1639 80
-500 1543 100
-500 1549 0
-470 1450 30
-460 1421 140
-440 1323 160
-430 1323 150
-410 1255 90
-390 1133 110
-360 1034 140
-330 1091 90
-330 1211 70
-320 891 180
-280 797 220
-270 840 150
-260 753 240
-250 678 170
-250 960 30
-220 663 200
-210 858 70
-180 686 40
-160 508 60
-160 633 40
-150 433 130
-150 497 70
-120 365 20
-100 337 0
-60 329 40
-50 216 30
#
