#
-1370 6186 10
-1340 5983 40
-1330 5876 50
-1310 5695 50
-1290 5599 30
-1280 5500 20
-1230 5236 70
-1210 5088 50
-1200 5141 0
-1190 4993 90
-1180 4976 20
-1170 4824 10
-1140 4698 40
-1130 4732 30
-1110 4583 70
-1100 4606 0
-1090 4551 190
-1070 4491 30
-1050 4409 150
-1040 4257 140
-1010 4166 110
-980 4067 180
-950 3979 150
-940 3879 240
-920 3937 220
-910 3843 350
-900 3786 200
-890 3676 370
-880 3739 320
-860 3574 300
-850 3520 310
-840 3408 320
-820 3346 360
-810 3282 290
-790 3280 250
-780 3167 260
-770 3101 330
-770 3133 230
-760 3021 240
-730 3018 450
-700 2797 500
-700 2860 160
-690 2706 510
-690 2747 170
-680 2632 480
-670 2541 490
-650 2506 450
-630 2440 530
-620 2391 420
-620 2587 60
-610 2301 430
-600 2245 400
-590 2154 410
-570 2147 430
-560 2055 440
-540 1949 460
-520 1881 340
-510 1874 390
-490 1769 410
-490 1781 370
-470 1676 390
-460 1689 340
-450 1686 250
-440 1584 360
-440 1596 260
-420 1588 280
-400 1601 120
-390 1460 210
-360 1367 140
-350 1269 130
-330 1154 130
-310 1277 90
-300 1056 160
-280 963 180
-260 957 60
-240 825 40
-210 728 70
-200 635 80
-180 530 100
-150 520 50
-140 429 40
-100 420 20
-90 224 10
-50 216 30
#
