#
-1390 6277 90
-1380 6177 100
-1370 6168 110
-1360 5989 120
-1350 5946 50
-1330 5847 70
-1310 5562 70
-1300 5758 0
-1270 5469 30
-1240 5378 0
-1220 5306 240
-1200 5194 40
-1170 5120 10
-1160 4969 240
-1140 4877 160
-1110 4785 130
-1090 4693 110
-1070 4602 90
-1040 4505 120
-1020 4362 460
-1020 4431 220
-1000 4321 200
-990 4034 470
-980 4030 420
-970 3934 410
-960 4239 280
-930 3842 370
-920 3695 380
-920 4099 320
-900 3595 400
-900 3750 340
-880 3563 600
-880 3658 320
-870 3435 530
-860 3324 540
-860 3438 440
-830 3227 570
-830 3319 370
-830 3647 150
-820 3233 380
-810 3101 590
-810 3257 350
-800 3158 360
-790 2992 610
-780 3054 460
-780 3460 140
-770 3077 430
-760 2951 440
-750 3002 410
-740 2861 420
-720 2715 580
-700 2697 620
-690 2599 610
-690 2635 470
-670 2529 490
-660 2507 580
-650 2439 510
-640 2414 560
-620 2324 540
-620 2349 520
-600 2521 80
-570 2301 110
-550 2208 130
-540 2006 260
-540 2136 20
-510 2031 170
-500 1905 180
-480 1813 200
-470 1812 150
-450 1718 190
-440 1673 160
-430 1593 210
-410 1483 270
-410 1539 190
-390 1431 230
-380 1368 300
-350 1398 250
-340 1386 260
-320 1130 240
-310 1246 230
-290 1031 210
-280 954 40
-260 862 20
-220 739 20
-200 648 0
-190 532 50
-160 417 80
-140 326 60
-100 432 20
-90 224 10
-50 216 30
#
