#
-1390 6340 10
-1360 6146 20
-1350 6050 10
-1340 5949 40
-1330 5938 30
-1300 5766 0
-1290 5572 10
-1270 5460 10
-1250 5365 30
-1240 5342 40
-1220 5251 60
-1210 5162 70
-1200 5159 80
-1190 5090 70
-1170 4985 50
-1140 4880 20
-1120 4788 0
-1080 4606 100
-1060 4516 80
-1050 4419 350
-1040 4512 120
-1030 4328 330
-1020 4225 320
-1010 4138 310
-1000 4029 300
-980 3917 280
-960 3717 260
-950 3799 250
-930 3627 290
-910 3617 250
-890 3518 270
-860 3381 400
-840 3277 380
-830 3263 370
-820 3173 360
-800 3082 340
-790 3066 350
-790 3079 330
-770 2989 390
-750 2897 370
-730 2761 490
-720 2809 440
-710 2670 510
-680 2659 440
-670 2571 470
-660 2568 460
-650 2603 450
-630 2559 530
-600 2502 500
-590 2462 170
-580 2269 160
-560 2179 180
-530 2089 210
-510 1999 230
-490 1876 210
-480 1769 200
-470 1769 190
-450 1669 230
-440 1579 260
-440 1616 240
-410 1488 230
-400 1389 220
-390 1374 310
-370 1282 290
-350 1184 270
-330 1161 130
-310 1069 110
-290 943 170
-290 979 90
-270 837 190
-250 745 170
-230 655 150
-220 788 60
-200 565 120
-190 531 10
-150 504 50
-140 326 60
-140 429 40
-120 339 20
-90 224 10
-50 216 30
#
