#
-1410 6434 30
-1380 6252 20
-1360 6134 0
-1330 5943 70
-1310 5837 50
-1300 5773 80
-1300 5853 40
-1280 5600 60
-1260 5490 100
-1240 5395 120
-1220 5313 100
-1200 5205 80
-1190 5111 70
-1180 5096 220
-1170 4943 50
-1140 4751 20
-1130 4934 10
-1120 4669 0
-1090 4572 30
-1060 4328 60
-1040 4264 80
-1020 4236 20
-1000 4172 40
-990 4006 130
-970 4080 70
-950 3914 90
-930 3867 190
-920 3721 200
-900 3756 180
-880 3628 160
-860 3450 260
-850 3526 190
-830 3448 210
-820 3285 300
-820 3358 220
-800 3188 320
-780 3118 340
-770 3019 350
-760 3096 280
-730 2926 310
-710 2873 510
-700 2778 500
-670 2807 450
-660 2599 460
-640 2634 440
-630 2443 430
-620 2507 420
-610 2352 410
-600 2262 420
-590 2252 470
-580 2313 380
-570 2147 490
-570 2222 390
-560 2070 380
-540 1979 400
-530 2028 330
-520 1938 340
-510 1923 410
-500 1848 360
-470 1733 390
-470 1791 370
-450 1653 270
-430 1562 290
-410 1504 250
-380 1382 240
-370 1292 230
-360 1295 220
-350 1217 170
-340 1177 260
-330 1120 150
-310 1030 170
-300 959 120
-280 860 140
-250 804 150
-230 765 110
-230 827 90
-210 677 110
-190 595 30
-170 478 10
-160 431 40
-120 350 20
-110 348 30
-90 236 10
-50 216 30
#
