#
-3240 22413 80
-3200 22110 80
-3180 21447 70
-3170 21314 60
-3140 20869 90
-3080 20630 110
-3050 20234 110
-2980 19576 140
-2920 19233 210
-2890 19111 130
-2810 17438 220
-2780 17420 190
-2750 17176 190
-2730 18645 140
-2720 16926 220
-2690 18341 100
-2670 17848 100
-2620 17556 120
-2590 16293 170
-2530 15913 140
-2520 15499 280
-2440 15240 150
-2370 14739 480
-2340 14649 460
-2300 14184 490
-2300 14348 310
-2270 14090 480
-2190 13622 520
-2170 14063 450
-2110 12969 510
-2080 12584 500
-2040 12279 450
-1980 12049 400
-1920 11558 480
-1870 11262 480
-1850 11681 440
-1760 10582 520
-1710 10425 470
-1700 10396 500
-1670 10031 470
-1640 9754 530
-1590 9311 460
-1570 9450 430
-1540 8972 380
-1450 8614 390
-1400 8332 400
-1380 7915 530
-1350 7566 420
-1310 7421 440
-1290 7313 410
-1270 7110 460
-1250 7341 390
-1210 6879 410
-1180 6602 380
-1120 6604 360
-1080 6178 370
-1030 5814 330
-980 5670 340
-950 5553 330
-920 5429 340
-890 4637 420
-840 4443 420
-820 5035 370
-810 4890 330
-780 4242 290
-770 4054 300
-750 4000 300
-700 3616 340
-630 3613 250
-580 3020 460
-550 3306 260
-510 2827 400
-490 2674 230
-480 2673 200
-420 2403 320
-390 2497 230
-380 2034 220
-360 1944 200
-300 1683 180
-290 1838 120
-230 1607 130
-180 1511 0
-160 1053 50
-150 1043 30
-150 1218 20
-120 920 20
#
