#
-4360 23236 30
-4270 22862 50
-4250 22762 60
-4180 22200 130
-4130 21870 130
-4050 21564 120
-3940 21283 100
-3850 21000 110
-3800 20472 80
-3800 20866 70
-3780 20770 70
-3720 20096 40
-3670 19977 590
-3560 19677 540
-3480 19340 480
-3450 18659 550
-3420 18524 580
-3340 18129 660
-3330 17849 700
-3270 18016 380
-3240 17573 560
-3180 17273 650
-3160 17512 470
-3150 17309 430
-3140 17530 370
-3130 17213 420
-3020 16875 450
-2990 16772 480
-2940 16117 680
-2940 16624 600
-2910 16685 530
-2870 15989 510
-2860 15695 640
-2840 15299 650
-2740 14408 700
-2640 14686 600
-2600 14430 620
-2560 14388 630
-2500 15018 500
-2480 14254 500
-2440 13710 510
-2340 13513 560
-2270 13189 570
-2200 12584 610
-2140 11574 670
-2090 12062 580
-2040 12226 570
-1980 10820 610
-1920 11271 600
-1840 10475 710
-1840 11769 470
-1790 11069 570
-1780 10129 670
-1720 9756 590
-1690 10161 540
-1600 9272 580
-1540 9588 550
-1520 9242 530
-1470 8529 620
-1420 8974 440
-1390 7694 610
-1270 7893 460
-1220 8825 400
-1180 6805 690
-1150 8110 330
-1140 8279 310
-1110 7087 340
-1100 7536 310
-1090 6326 660
-1000 6906 410
-980 6348 260
-950 6507 220
-890 4796 700
-850 5196 350
-840 5521 330
-840 6106 290
-810 5810 270
-800 4216 620
-780 4553 570
-610 3882 160
-570 3342 390
-550 3211 190
-530 3526 180
-520 2906 180
-500 3708 160
-450 2429 280
-440 2667 240
-420 2429 230
-340 2312 150
-320 1704 140
-260 1491 140
-260 2004 50
-200 1243 20
-190 1198 10
-180 859 0
-120 724 20
-110 671 20
#
