#
-3870 22706 130
-3840 22594 160
-3830 22410 110
-3750 21975 110
-3720 21806 140
-3700 21380 150
-3670 21305 180
-3610 20904 150
-3530 20402 210
-3490 20047 370
-3470 19692 220
-3440 19632 160
-3400 19259 220
-3330 18854 390
-3320 19033 200
-3270 18292 210
-3260 17735 320
-3250 18117 190
-3220 17645 320
-3140 17465 260
-3120 17338 270
-3020 16682 170
-2990 16073 350
-2920 15217 360
-2890 15626 310
-2860 14957 310
-2810 14655 250
-2790 14572 330
-2720 14366 400
-2670 13837 240
-2640 13735 220
-2590 13628 640
-2560 13669 580
-2520 12689 630
-2500 13349 600
-2460 12651 570
-2440 12842 560
-2380 12356 530
-2340 11742 640
-2310 11632 610
-2260 11255 540
-2230 11990 460
-2220 11388 450
-2170 10818 480
-2110 10778 550
-2050 10457 600
-2010 9972 600
-1960 10016 590
-1890 9218 510
-1820 8992 510
-1790 8924 650
-1740 8483 480
-1710 8266 490
-1670 8155 460
-1610 7936 450
-1570 7815 530
-1480 7607 620
-1460 7109 500
-1450 7066 500
-1440 7418 470
-1370 6634 490
-1350 6633 500
-1300 6795 470
-1260 6218 450
-1230 5995 430
-1210 5663 470
-1160 5458 410
-1100 5437 520
-1020 5295 420
-990 4807 420
-970 4605 420
-880 4063 430
-820 4524 340
-800 4288 340
-760 3780 390
-690 3688 510
-640 3391 530
-610 3029 420
-590 3454 370
-580 4017 270
-550 2827 370
-500 3072 250
-460 2644 260
-410 2077 290
-400 2064 290
-300 2637 110
-290 2475 120
-260 2309 90
-240 1904 70
-230 1947 60
-200 1250 50
-190 1343 10
-180 1164 0
-170 1110 40
-120 782 20
#
