#
-3610 22620 80
-3600 22527 80
-3550 22329 80
-3520 22239 110
-3490 22108 90
-3460 21782 90
-3420 21596 70
-3380 20532 210
-3340 21291 90
-3310 20316 290
-3260 20026 150
-3240 19874 180
-3220 19365 140
-3190 18927 170
-3190 19248 130
-3100 18757 280
-3060 18399 160
-2980 17913 130
-2970 16920 260
-2970 17248 240
-2930 16748 240
-2900 17616 130
-2890 17747 100
-2860 16544 280
-2810 16062 270
-2780 15679 240
-2700 15416 240
-2680 15321 220
-2610 14964 250
-2570 14860 250
-2550 14342 360
-2540 14678 350
-2520 14251 360
-2480 13700 570
-2460 13458 300
-2430 13355 300
-2360 13213 550
-2330 12721 530
-2310 12627 450
-2260 12331 500
-2210 12124 520
-2150 11551 510
-2110 11863 470
-2050 11039 500
-2050 11742 460
-2030 10925 520
-2010 10555 450
-1980 11285 420
-1950 10316 480
-1890 10128 550
-1880 10010 500
-1870 9920 510
-1770 9735 490
-1720 9453 480
-1700 9358 490
-1670 8974 500
-1630 8187 500
-1550 7854 520
-1510 8486 480
-1470 7685 440
-1440 8089 370
-1360 7072 490
-1350 6658 520
-1260 6480 470
-1140 6147 440
-1080 5545 400
-1070 6101 380
-1040 5414 430
-980 5384 410
-970 5206 320
-920 4836 390
-850 4242 410
-770 4628 380
-760 4615 380
-730 4170 340
-680 3875 340
-650 3601 270
-620 3391 290
-580 3013 400
-570 3057 390
-540 2728 410
-510 2743 310
-420 2654 200
-380 2247 200
-350 2176 220
-300 1877 190
-230 1518 50
-220 1479 40
-190 1251 30
-180 1223 0
-150 936 20
-120 817 20
#
