#
-3590 22570 150
-3540 22205 180
-3490 22031 140
-3450 21530 120
-3400 21012 180
-3380 20764 280
-3330 20613 80
-3300 20137 110
-3260 20314 90
-3230 19782 100
-3180 19461 270
-3120 19085 130
-3060 18468 380
-3030 18245 340
-3020 18735 150
-2990 18154 340
-2970 18010 200
-2960 17658 230
-2940 17656 170
-2920 17467 190
-2890 17375 190
-2870 17023 300
-2850 16853 290
-2780 16677 560
-2760 16512 580
-2730 15655 330
-2730 16021 300
-2700 15565 330
-2610 15248 500
-2530 15106 260
-2460 14715 600
-2440 14308 590
-2440 14400 480
-2380 13890 580
-2340 13669 530
-2330 13646 570
-2300 13258 450
-2290 12790 540
-2250 13068 480
-2210 12125 560
-2210 12518 440
-2180 12428 410
-2130 11904 520
-2050 11454 510
-2010 11315 550
-1920 11329 510
-1880 10985 570
-1810 10498 490
-1730 9931 530
-1710 10233 520
-1700 9061 470
-1680 8610 520
-1660 9699 430
-1630 9361 460
-1560 8137 420
-1530 8062 440
-1440 7783 540
-1420 7413 520
-1380 7198 540
-1330 7142 490
-1310 7006 480
-1240 6475 420
-1190 6758 400
-1150 6280 440
-1120 5910 420
-1030 5415 520
-1030 5418 490
-1000 5044 470
-990 5404 430
-920 4743 390
-900 4480 470
-790 3931 410
-780 4193 350
-750 3944 370
-670 3565 490
-620 3774 400
-590 2951 490
-550 3309 370
-530 3021 350
-510 2864 360
-430 2459 250
-360 2172 220
-330 2033 210
-280 2127 60
-220 1652 50
-220 1674 40
-190 1496 60
-180 1287 0
-150 1003 10
-120 817 20
#
