#
-2530 21300 90
-2520 21205 100
-2490 20491 90
-2460 19959 80
-2390 19496 70
-2380 19529 50
-2340 18719 30
-2330 18280 20
-2300 17943 30
-2280 17605 150
-2250 16886 200
-2230 16356 120
-2230 17521 60
-2190 17387 60
-2180 16033 120
-2160 17296 50
-2120 16768 90
-2100 15505 140
-2070 16054 100
-2030 15279 130
-2000 14877 200
-1980 14766 250
-1970 13294 250
-1960 15123 160
-1950 14441 160
-1940 13742 220
-1920 13058 220
-1920 14319 160
-1900 13990 190
-1840 12464 230
-1810 12127 220
-1760 11840 270
-1750 11940 240
-1750 12941 210
-1730 11747 270
-1690 11450 210
-1660 10846 300
-1640 11163 260
-1620 10320 340
-1580 10175 380
-1550 10029 280
-1540 9677 290
-1500 9400 290
-1470 9199 360
-1390 8836 370
-1390 8975 350
-1350 8582 380
-1310 8116 350
-1280 8104 350
-1250 7713 360
-1200 7376 360
-1180 7040 350
-1090 6524 350
-1060 6292 360
-1030 6800 330
-990 5965 350
-970 5724 370
-920 5630 370
-900 5539 310
-850 5152 370
-830 5107 330
-790 4990 320
-760 4518 320
-740 4423 300
-650 3899 310
-620 3986 270
-610 3951 260
-570 3708 240
-530 3400 180
-510 3214 180
-480 3085 150
-450 2937 170
-440 2833 330
-430 2843 170
-380 2604 180
-340 2213 140
-320 2508 110
-310 2112 110
-270 1925 80
-230 1652 110
-180 1614 0
-170 1450 10
-150 1268 40
-120 1144 20
#
