#
-3680 22885 200
-3670 22775 200
-3650 22432 230
-3560 21935 250
-3500 21799 150
-3490 21517 250
-3450 21532 150
-3400 20790 270
-3370 20479 280
-3350 20975 170
-3330 20282 310
-3270 20016 310
-3220 19481 210
-3200 19691 190
-3140 18901 690
-3070 18583 680
-3060 18234 570
-2970 17596 680
-2920 17951 610
-2900 17328 640
-2870 17014 670
-2820 16554 580
-2760 15833 570
-2720 16139 550
-2650 15794 550
-2610 15055 640
-2580 15344 570
-2530 14767 620
-2500 14335 680
-2500 15524 560
-2460 14409 640
-2440 13804 540
-2390 13478 590
-2360 13647 580
-2300 13107 500
-2270 13015 500
-2220 12691 520
-2160 12442 580
-2150 12384 590
-2110 12116 600
-2050 12105 620
-2010 11408 660
-1980 11297 660
-1940 11352 620
-1910 10592 600
-1850 10942 590
-1820 10850 560
-1770 10484 510
-1760 10009 690
-1730 10268 540
-1690 9389 480
-1580 8817 540
-1570 8757 620
-1490 8521 520
-1430 7843 580
-1400 7752 580
-1350 7062 540
-1320 6922 540
-1290 6619 540
-1240 6450 470
-1200 7259 460
-1170 6087 480
-1090 5689 530
-1040 5398 470
-990 6343 440
-960 5359 610
-890 4853 630
-830 4583 630
-780 4000 410
-740 3667 410
-680 3477 420
-640 3467 380
-630 3170 370
-630 3608 350
-570 2909 390
-550 2956 330
-540 2881 360
-490 2546 380
-400 2174 220
-400 2344 190
-330 2361 110
-300 1979 140
-270 1933 100
-260 1531 80
-250 1783 60
-230 1416 50
-190 1144 70
-190 1504 10
-180 1157 0
-170 1051 30
-150 944 20
-120 817 20
#
