#
-3930 23085 30
-3910 22991 40
-3900 22530 50
-3870 22448 50
-3810 21920 40
-3780 21577 140
-3770 21479 130
-3730 20829 130
-3700 21351 60
-3690 20769 120
-3670 21072 80
-3610 20226 240
-3600 19744 140
-3590 19517 120
-3540 18829 100
-3490 18454 90
-3440 18321 90
-3400 17775 160
-3360 17428 150
-3330 17326 150
-3240 16891 220
-3190 16480 300
-3130 16070 440
-3120 15957 430
-3120 16141 330
-3060 15909 330
-3040 15678 330
-2960 15331 610
-2960 15668 230
-2900 14866 590
-2870 15073 230
-2840 14314 260
-2780 14103 610
-2740 13711 220
-2690 13639 590
-2680 13482 240
-2630 13144 590
-2580 12890 240
-2520 12419 600
-2480 12498 240
-2450 11992 610
-2430 12440 360
-2380 11130 590
-2340 11419 550
-2300 12152 290
-2260 11647 190
-2230 11555 200
-2180 10611 550
-2120 10126 500
-2070 10122 500
-2040 10075 640
-1980 9474 580
-1940 9729 460
-1930 9706 470
-1890 9602 550
-1870 9186 550
-1830 9535 430
-1820 8866 520
-1750 8674 380
-1690 8441 370
-1620 8252 370
-1600 7406 500
-1530 7837 370
-1500 7064 390
-1480 7604 380
-1370 6710 380
-1350 6207 520
-1340 6619 350
-1310 5996 470
-1300 5829 490
-1230 5643 510
-1150 5281 390
-1070 5035 400
-1000 4875 450
-950 4506 510
-920 4173 510
-880 4314 490
-840 4090 410
-800 3671 410
-740 3527 310
-690 3387 510
-650 3064 530
-640 3105 520
-540 2736 250
-460 2529 300
-430 2213 310
-410 2108 280
-350 1875 170
-300 1498 180
-190 1691 10
-180 1198 0
-150 943 10
-130 820 20
#
