#
-4090 23286 60
-4050 23103 50
-4040 23072 40
-4020 22981 50
-3960 22599 70
-3940 22438 200
-3900 22419 90
-3830 21990 150
-3770 21475 130
-3740 21469 130
-3720 21162 390
-3670 20767 160
-3620 20570 180
-3580 20389 180
-3560 20333 220
-3550 20317 250
-3470 19953 270
-3450 19788 350
-3420 19693 320
-3400 19217 660
-3350 19163 320
-3300 18766 370
-3250 18603 370
-3170 18452 350
-3100 18104 600
-3070 17742 630
-3000 17439 550
-2970 17432 610
-2880 17140 510
-2860 16952 620
-2850 16601 650
-2800 16351 440
-2750 16229 610
-2680 15981 590
-2650 15655 600
-2560 15218 630
-2520 14421 610
-2490 14337 620
-2450 14159 640
-2410 14520 570
-2380 14772 380
-2320 13485 640
-2310 13315 570
-2280 12945 670
-2200 12858 680
-2170 12496 560
-2140 12397 530
-2110 12112 570
-2100 12395 530
-2030 11906 600
-1970 11798 600
-1910 10949 640
-1910 11043 620
-1820 10591 640
-1780 10124 570
-1690 10093 570
-1670 10174 480
-1650 10346 460
-1610 9448 560
-1590 9964 510
-1580 9108 590
-1530 9101 650
-1460 9267 460
-1420 8506 520
-1330 8850 400
-1310 8405 430
-1300 7930 530
-1250 7208 590
-1210 8142 380
-1180 7575 410
-1130 7066 560
-1080 6725 400
-1060 6715 410
-1020 6300 400
-960 5971 410
-910 5683 630
-830 4824 540
-800 4441 610
-770 5011 330
-680 3748 490
-630 3886 300
-610 4214 280
-590 3335 400
-540 3471 280
-510 3027 300
-430 2864 200
-420 3045 190
-370 2426 110
-320 2274 120
-310 2155 110
-280 1932 80
-260 1685 100
-220 1344 30
-180 859 0
-140 721 20
#
