#
-3420 23366 40
-3360 23069 70
-3340 22976 70
-3300 22772 80
-3220 22471 70
-3210 21886 110
-3180 21886 110
-3130 21440 100
-3120 20391 110
-3120 21339 90
-3100 19944 120
-3050 19741 80
-3000 19406 60
-2980 19305 60
-2900 18577 170
-2890 18743 130
-2850 18208 160
-2830 17884 200
-2770 17699 190
-2740 17518 160
-2660 16694 180
-2620 17005 140
-2590 16230 210
-2560 16140 210
-2530 15920 500
-2510 15624 200
-2460 15478 170
-2460 15592 150
-2410 15190 500
-2370 14979 470
-2350 14585 480
-2340 14867 450
-2270 14093 500
-2230 13855 380
-2230 14923 270
-2190 13378 460
-2150 13592 420
-2110 12919 410
-2080 12902 500
-2030 12328 390
-2000 12171 390
-1970 11959 420
-1900 11573 490
-1850 11644 470
-1820 11343 440
-1800 11221 460
-1780 10877 480
-1750 11902 430
-1710 10137 400
-1670 10090 420
-1670 10488 360
-1620 9579 350
-1580 9053 410
-1580 9403 350
-1510 8890 510
-1480 8756 480
-1400 8315 430
-1350 7952 430
-1290 7648 380
-1260 7429 370
-1220 7725 340
-1150 7139 340
-1110 6836 330
-1080 6528 330
-1060 6304 450
-1010 5648 450
-990 5878 410
-960 5517 390
-960 5605 380
-910 6281 330
-890 4893 410
-890 6321 310
-850 5347 300
-780 4512 330
-710 4345 300
-680 4080 300
-630 3363 440
-570 3820 290
-560 3623 290
-560 4386 260
-480 3051 220
-440 2730 220
-430 2482 250
-420 2643 230
-410 2264 230
-360 3382 110
-320 2642 120
-300 2045 90
-270 1761 90
-240 2033 30
-190 1396 10
-180 1018 0
-130 882 20
-110 802 20
#
