#
-1460 6944 40
-1440 6852 60
-1410 6658 10
-1390 6566 10
-1360 6445 140
-1340 6298 120
-1310 6159 90
-1280 6069 60
-1270 5876 230
-1250 5967 30
-1240 5718 260
-1220 5571 240
-1190 5432 210
-1170 5303 330
-1150 5248 190
-1140 5307 100
-1120 5017 280
-1110 5148 130
-1100 4826 360
-1080 5058 100
-1070 4925 230
-1060 4701 400
-1040 4597 300
-1030 4562 370
-1010 4495 270
-990 4404 250
-970 4361 430
-970 4370 310
-950 4268 450
-940 4270 400
-930 4179 570
-920 4188 260
-910 4168 370
-890 4076 390
-890 4077 350
-860 3822 680
-860 3823 640
-850 3803 490
-840 3676 620
-840 3894 340
-830 3802 470
-810 3537 590
-800 3598 480
-780 3507 460
-770 3519 410
-760 3445 540
-750 3344 530
-740 3167 660
-730 3253 510
-720 3251 320
-700 3160 340
-690 3076 610
-690 3092 290
-680 2998 280
-660 2884 580
-650 2998 530
-620 2677 220
-610 2680 170
-600 2587 240
-590 2441 150
-550 2258 190
-550 2316 110
-530 2222 130
-510 2132 150
-500 2132 160
-490 2115 50
-470 2022 30
-450 1931 90
-430 1829 310
-420 1809 240
-410 1872 50
-400 1647 40
-380 1544 60
-360 1463 0
-340 1360 20
-330 1290 110
-310 1199 90
-290 1107 70
-240 828 160
-240 942 120
-200 784 20
-170 679 50
-150 620 30
-130 415 50
-120 514 0
-100 309 20
-60 211 20
#
