#
-1730 7086 10
-1700 6994 20
-1690 6904 10
-1660 6747 40
-1640 6640 60
-1620 6567 0
-1600 6460 20
-1580 6425 80
-1560 6335 60
-1530 6238 90
-1500 6005 200
-1500 6195 100
-1480 5886 220
-1470 6069 70
-1460 5825 160
-1440 5706 180
-1420 5687 280
-1410 5598 210
-1380 5488 240
-1370 5256 350
-1360 5411 260
-1350 5165 330
-1330 5149 290
-1320 5008 300
-1310 5042 270
-1300 4901 280
-1280 4842 340
-1260 4739 360
-1260 4776 240
-1240 4630 340
-1220 4625 400
-1210 4536 370
-1190 4489 430
-1170 4382 410
-1150 4288 110
-1140 4147 120
-1120 4177 100
-1100 3974 200
-1080 3883 180
-1060 3853 40
-1050 3775 150
-1020 3674 180
-1010 3628 250
-1010 3683 70
-980 3520 220
-950 3411 190
-950 3514 90
-930 3334 170
-920 3287 60
-900 3207 40
-880 3171 140
-870 3117 10
-850 3013 50
-810 2854 50
-780 2745 20
-750 2662 10
-730 2657 130
-700 2567 160
-670 2469 130
-660 2371 140
-630 2286 110
-620 2257 400
-600 2058 420
-600 2188 80
-580 1988 380
-570 1931 450
-540 1898 420
-520 1732 440
-510 1698 390
-480 1551 420
-470 1539 290
-450 1494 310
-440 1412 320
-410 1533 270
-400 1315 280
-360 1238 100
-350 1165 170
-300 1027 180
-300 1063 100
-270 900 230
-250 976 190
-230 753 190
-230 755 150
-200 721 0
-190 665 30
-170 566 10
-140 440 20
-140 453 0
-100 340 20
-70 232 10
-60 211 20
#
