#
-1770 7187 10
-1750 7076 10
-1730 6981 30
-1700 6877 60
-1680 6776 40
-1670 6679 90
-1640 6584 120
-1620 6512 100
-1610 6386 30
-1580 6187 0
-1550 6093 30
-1510 5931 70
-1490 5841 90
-1470 5813 110
-1440 5723 80
-1410 5656 350
-1400 5557 40
-1390 5446 190
-1370 5346 210
-1350 5256 230
-1340 5256 180
-1320 5166 200
-1300 5090 140
-1270 4989 110
-1240 4899 480
-1220 4790 100
-1170 4508 410
-1160 4600 360
-1150 4514 390
-1140 4418 380
-1110 4325 410
-1100 4252 340
-1060 4212 640
-1050 4131 470
-1020 4001 620
-1010 3950 310
-1000 3906 640
-990 3803 590
-960 3708 560
-960 3787 540
-930 3524 650
-920 3614 600
-910 3468 670
-890 3378 690
-890 3621 490
-870 3285 710
-860 3284 660
-840 3240 520
-820 3109 560
-810 3107 550
-790 3017 570
-780 3004 580
-760 2871 360
-730 2781 330
-720 2683 440
-720 2767 320
-710 2640 450
-690 2550 430
-680 2536 440
-670 2502 390
-660 2446 460
-620 2342 420
-590 2276 530
-580 2124 180
-550 2031 150
-540 1936 220
-520 1845 240
-500 1789 260
-480 1692 280
-460 1599 300
-450 1744 170
-430 1558 150
-420 1500 340
-390 1410 130
-360 1299 40
-330 1220 250
-300 1115 220
-290 1054 50
-270 960 70
-230 937 190
-210 772 130
-200 732 120
-180 642 100
-170 617 50
-150 550 70
-140 458 60
-130 423 70
-110 325 30
-100 309 20
-60 211 20
#
