#
-1760 7115 40
-1740 7020 60
-1730 7007 70
-1700 6804 20
-1680 6713 0
-1660 6605 60
-1640 6536 80
-1630 6515 30
-1600 6338 180
-1590 6314 130
-1570 6190 50
-1560 6148 0
-1520 6000 100
-1490 5865 30
-1470 5774 50
-1440 5674 20
-1420 5608 260
-1400 5510 240
-1380 5410 220
-1360 5315 200
-1350 5254 450
-1340 5136 440
-1320 5042 460
-1310 5118 150
-1290 4928 430
-1270 4837 410
-1260 4798 360
-1240 4703 380
-1230 4652 450
-1230 4663 330
-1220 4613 400
-1200 4519 420
-1190 4474 370
-1170 4380 390
-1150 4384 250
-1140 4287 280
-1120 4197 300
-1100 4103 320
-1100 4197 260
-1080 4063 260
-1060 3969 280
-1030 3826 130
-990 3641 170
-970 3547 190
-910 3364 250
-910 3427 50
-880 3188 20
-850 3180 310
-820 2990 40
-790 2891 110
-790 2895 70
-760 2790 140
-730 2699 110
-720 2606 100
-700 2511 80
-680 2453 180
-660 2362 160
-640 2268 140
-630 2273 130
-610 2231 170
-590 2086 190
-580 2085 80
-550 1982 230
-540 1995 120
-520 1865 340
-510 1760 350
-510 1898 150
-490 1669 330
-470 1747 270
-450 1570 370
-430 1476 350
-420 1479 340
-390 1384 310
-370 1293 290
-350 1303 150
-320 1203 120
-300 1030 220
-290 1119 90
-250 1088 110
-230 929 90
-210 824 190
-190 713 10
-150 522 10
-110 423 30
-90 325 10
-60 211 20
#
