#
-1760 7148 80
-1740 7022 60
-1700 6810 20
-1680 6715 0
-1650 6615 30
-1640 6529 40
-1610 6433 70
-1580 6340 40
-1570 6239 30
-1550 6181 290
-1530 6237 90
-1520 6071 260
-1510 5907 330
-1510 5962 250
-1500 5965 240
-1490 5814 350
-1490 5843 230
-1470 5748 210
-1450 5654 190
-1430 5562 170
-1400 5466 140
-1350 5370 90
-1340 5152 500
-1320 5027 480
-1310 5053 470
-1290 4890 510
-1280 4932 440
-1260 4720 380
-1240 4626 400
-1220 4534 380
-1210 4489 430
-1180 4430 360
-1170 4396 510
-1150 4342 310
-1140 4300 360
-1130 4210 410
-1120 4307 340
-1110 4205 330
-1110 4240 270
-1090 4084 550
-1080 4103 300
-1050 4018 390
-1020 3765 560
-1000 3755 540
-1000 3792 460
-980 3996 280
-970 3542 570
-950 3905 310
-920 3445 520
-900 3257 700
-890 3516 370
-870 3161 670
-860 3172 600
-860 3422 400
-850 3071 690
-810 3063 690
-800 2975 640
-790 2967 710
-760 2877 680
-750 2867 630
-740 2793 660
-730 2678 110
-720 2799 60
-700 2588 80
-680 2488 160
-650 2394 190
-620 2257 160
-590 2164 70
-580 2127 40
-540 1913 80
-530 1937 10
-510 1937 50
-490 1723 30
-470 1875 10
-430 1609 30
-410 1401 210
-380 1306 180
-340 1208 220
-330 1118 130
-320 1114 200
-300 1023 220
-270 929 190
-250 911 170
-230 829 150
-220 779 140
-190 686 70
-160 582 120
-140 492 60
-130 416 10
-120 493 0
-90 339 10
-60 211 20
#
