#
-1580 7096 80
-1560 7006 60
-1540 6894 80
-1510 6738 50
-1490 6647 30
-1460 6548 0
-1440 6296 160
-1440 6494 60
-1420 6210 240
-1410 6375 90
-1400 6103 120
-1390 6072 170
-1380 6172 60
-1360 5973 140
-1330 5788 110
-1290 5528 370
-1250 5344 370
-1240 5281 320
-1220 5191 300
-1210 5156 390
-1210 5181 290
-1180 4997 260
-1160 4954 340
-1140 4864 320
-1130 4774 310
-1120 4806 200
-1100 4657 180
-1070 4532 150
-1060 4430 560
-1050 4355 550
-1030 4202 570
-1030 4264 530
-1010 4107 510
-990 4009 530
-980 4000 520
-980 4075 480
-960 3910 500
-950 3815 490
-920 3724 520
-920 3725 460
-910 3814 410
-890 3625 430
-870 3475 410
-860 3516 360
-840 3351 380
-810 3255 350
-780 3164 440
-760 3072 460
-760 3079 420
-730 3014 650
-710 2951 210
-700 2837 220
-670 2744 190
-640 2673 560
-630 2648 550
-600 2440 220
-590 2409 330
-570 2315 310
-560 2306 260
-540 2181 280
-510 2119 250
-500 1934 0
-490 1820 10
-470 1656 10
-440 1560 20
-400 1378 20
-380 1352 80
-360 1227 100
-350 1297 50
-330 1134 70
-320 1125 140
-300 1034 120
-290 953 210
-270 931 190
-250 1023 170
-240 837 160
-230 835 30
-210 730 130
-190 666 130
-180 620 20
-140 466 20
-110 342 50
-100 376 20
-80 219 0
-60 211 20
#
