#
-1650 7134 50
-1630 7044 30
-1610 6951 10
-1600 7029 0
-1590 6859 10
-1550 6668 50
-1520 6508 80
-1510 6426 70
-1490 6334 10
-1480 6326 0
-1470 6195 150
-1470 6235 30
-1450 6102 130
-1430 6083 110
-1420 5844 280
-1410 5741 250
-1410 5911 90
-1390 5648 230
-1370 5556 210
-1350 5517 190
-1340 5446 180
-1330 5365 170
-1320 5357 160
-1310 5236 390
-1280 5124 420
-1280 5141 300
-1280 5263 200
-1260 5043 340
-1240 4950 260
-1210 4769 290
-1190 4755 390
-1180 4745 440
-1170 4649 310
-1150 4564 350
-1140 4556 340
-1120 4461 380
-1110 4453 370
-1080 4362 400
-1070 4141 70
-1040 4035 40
-1000 3849 80
-960 3778 540
-950 3770 530
-930 3471 90
-930 3588 50
-910 3381 70
-880 3200 40
-850 3088 10
-820 2995 20
-790 2892 50
-760 2800 80
-720 2648 200
-690 2535 170
-680 2464 320
-650 2374 290
-650 2430 90
-630 2209 210
-600 2115 240
-580 2019 260
-550 1903 290
-550 1915 270
-510 1806 330
-490 1774 430
-480 1698 360
-460 1622 400
-440 1557 120
-420 1467 100
-410 1442 150
-390 1351 130
-370 1344 190
-340 1236 220
-320 1144 240
-300 1054 220
-280 1070 140
-260 964 180
-240 827 120
-230 814 110
-220 736 140
-200 720 160
-180 629 100
-160 524 20
-130 416 10
-100 311 20
-70 240 10
-60 211 20
#
