#
-1660 7042 60
-1630 6856 30
-1580 6653 80
-1540 6471 40
-1510 6380 10
-1480 6219 180
-1450 6195 50
-1440 6029 140
-1410 5938 110
-1400 5643 260
-1380 5553 280
-1370 5544 230
-1350 5752 50
-1340 5362 240
-1330 5361 190
-1290 5263 370
-1280 5175 180
-1260 5070 400
-1240 4975 420
-1230 4971 370
-1220 4879 360
-1190 4782 410
-1190 4788 330
-1170 4693 350
-1150 4550 430
-1140 4550 460
-1130 4458 450
-1120 4459 400
-1090 4414 310
-1070 4271 390
-1060 4196 600
-1060 4212 580
-1060 4273 340
-1040 4187 620
-1030 4097 570
-1020 4005 560
-1000 4199 300
-990 3914 530
-970 3905 550
-960 3818 500
-940 3741 720
-940 3810 520
-930 3728 470
-920 3622 220
-900 3525 200
-870 3594 190
-850 3337 150
-830 3247 170
-820 3243 180
-780 3049 80
-760 2954 60
-740 2861 40
-720 2906 0
-710 2720 10
-690 2628 10
-660 2823 0
-650 2514 50
-630 2411 470
-620 2397 540
-600 2319 440
-580 2175 120
-560 2085 100
-530 1970 110
-510 1992 50
-490 1874 210
-470 1747 310
-460 1721 240
-440 1607 280
-410 1516 250
-400 1508 320
-380 1401 220
-360 1339 300
-330 1318 270
-320 1155 160
-310 1062 150
-280 960 120
-270 956 210
-260 1041 100
-250 857 90
-210 758 130
-190 656 30
-160 514 0
-120 415 40
-110 327 30
-80 219 0
-60 211 20
#
