#
-1820 7165 40
-1800 7073 20
-1740 6873 40
-1720 6783 60
-1690 6506 30
-1680 6530 20
-1650 6329 10
-1620 6155 40
-1610 6224 30
-1580 6050 0
-1560 5943 140
-1530 5851 110
-1520 5890 100
-1510 5772 70
-1480 5579 60
-1450 5419 210
-1430 5488 170
-1420 5327 240
-1400 5233 260
-1390 5381 210
-1370 5138 290
-1340 5076 300
-1320 5014 280
-1310 4902 270
-1300 4818 360
-1280 4728 380
-1270 4722 390
-1260 4637 400
-1240 4547 420
-1240 4681 180
-1220 4532 360
-1200 4424 220
-1180 4332 240
-1150 4446 110
-1140 4151 280
-1110 4061 250
-1110 4218 70
-1100 4061 160
-1090 4049 270
-1080 3974 160
-1050 3882 130
-1040 3756 0
-1020 3665 20
-990 3577 10
-960 3466 20
-930 3333 490
-930 3373 10
-900 3243 460
-870 3098 10
-840 3056 520
-810 2963 430
-780 2865 400
-780 2871 340
-770 2809 150
-750 2656 290
-740 2566 300
-730 2724 50
-710 2470 330
-710 2634 70
-680 2374 240
-650 2278 270
-630 2206 410
-610 2111 390
-600 2080 440
-580 1989 420
-580 2102 200
-570 1989 410
-570 2063 310
-560 1921 340
-540 1831 320
-530 1799 370
-520 1896 80
-510 1790 430
-500 1851 80
-480 1700 400
-470 1605 310
-450 1647 130
-430 1506 350
-420 1425 260
-420 1440 200
-390 1334 230
-360 1244 100
-350 1155 90
-340 1102 120
-320 1058 60
-310 985 150
-300 890 140
-270 825 50
-260 791 180
-230 707 150
-220 697 60
-190 600 110
-130 511 90
-110 385 30
-80 219 0
-50 207 30
#
