#
-1610 7089 110
-1590 6956 90
-1570 6802 110
-1550 6711 130
-1520 6597 60
-1500 6507 80
-1470 6367 50
-1430 6228 30
-1410 6138 10
-1380 6037 80
-1360 5946 60
-1330 5817 90
-1320 5770 140
-1300 5680 120
-1280 5291 400
-1260 5155 420
-1260 5468 200
-1240 5059 440
-1240 5378 180
-1230 5086 350
-1210 4951 370
-1200 4933 480
-1190 4854 390
-1170 4798 290
-1140 4717 260
-1120 4582 280
-1100 4485 300
-1090 4526 210
-1070 4390 230
-1050 4294 250
-1040 4268 160
-1020 4133 180
-1010 4166 130
-1000 4036 200
-980 3998 600
-960 3908 620
-930 3725 130
-920 3709 540
-900 3655 620
-890 3596 570
-890 3629 510
-870 3506 590
-870 3539 530
-860 3516 540
-840 3426 560
-840 3437 460
-810 3324 490
-790 3180 410
-770 3090 430
-760 3081 420
-740 2977 460
-730 2985 450
-720 2869 340
-700 2779 360
-670 2666 390
-640 2521 240
-620 2385 220
-600 2289 200
-590 2283 250
-570 2186 230
-560 2163 160
-540 2088 260
-530 2061 190
-510 1989 290
-470 1863 250
-460 1808 340
-440 1717 360
-400 1591 320
-390 1432 10
-360 1319 40
-340 1240 0
-310 1134 30
-300 1119 20
-280 1028 0
-250 930 30
-230 860 150
-230 861 110
-220 783 180
-210 815 170
-190 686 70
-180 666 100
-160 582 120
-130 491 30
-110 393 30
-100 309 20
-90 401 10
-60 211 20
#
