#
-2320 10818 70
-2290 10667 40
-2250 10462 0
-2230 10372 20
-2200 9784 190
-2200 10275 30
-2170 10117 50
-2150 9539 160
-2130 9428 120
-2110 9338 120
-2100 9224 110
-2050 9130 180
-2030 9036 100
-2010 8923 140
-2000 8855 100
-1980 8806 170
-1960 8527 130
-1950 8386 160
-1920 8296 160
-1890 8177 170
-1830 8042 300
-1810 7949 280
-1800 7260 310
-1780 7788 250
-1760 7067 350
-1730 6961 320
-1710 7641 260
-1700 6871 320
-1670 6741 440
-1630 6624 310
-1600 6521 340
-1570 6239 200
-1560 6232 180
-1540 6137 200
-1500 5940 150
-1470 5778 240
-1470 5850 120
-1410 5582 90
-1380 5511 30
-1350 5328 60
-1280 5014 60
-1240 4935 80
-1200 4819 120
-1190 4776 220
-1170 4669 200
-1120 4427 590
-1110 4337 580
-1080 4248 570
-1050 4129 520
-1040 4098 550
-1020 3948 540
-1020 4229 480
-1000 3946 500
-980 3944 490
-960 3854 450
-930 3590 450
-920 3607 400
-900 3483 410
-870 3400 420
-830 3173 410
-760 3005 460
-750 2931 390
-740 2908 440
-720 2825 420
-690 2807 600
-650 2679 580
-640 2800 540
-620 2449 380
-600 2457 340
-590 2332 350
-530 2157 360
-510 1994 410
-510 2064 400
-490 2018 400
-460 1750 360
-430 1613 370
-380 1490 270
-360 1400 270
-350 1317 280
-320 1276 230
-260 1338 120
-210 1035 120
-200 982 130
-170 990 80
-160 888 90
-160 1071 70
-100 668 10
-80 442 10
-60 377 20
-50 361 10
#
