#
-2340 10962 30
-2310 10870 0
-2280 10761 30
-2260 10671 30
-2230 10419 50
-2190 10217 70
-2180 9237 60
-2140 9023 80
-2110 8932 110
-2090 9944 10
-2070 8667 170
-2030 8553 210
-2010 8354 210
-2010 9663 40
-1990 9573 20
-1970 8088 80
-1950 7968 270
-1890 7676 130
-1860 7485 250
-1820 7390 100
-1800 7200 270
-1760 6939 160
-1720 6790 160
-1710 7023 140
-1680 6518 110
-1660 6475 100
-1630 6350 100
-1570 6146 40
-1530 6097 160
-1500 5969 170
-1490 5870 260
-1440 5690 230
-1420 5603 190
-1390 5536 180
-1370 5477 280
-1340 5451 630
-1320 5216 430
-1270 5071 400
-1230 4862 560
-1220 4737 390
-1220 4882 350
-1190 4527 420
-1170 4497 540
-1120 4284 550
-1120 4316 490
-1120 4892 330
-1080 4086 510
-1040 4418 370
-1040 4499 360
-1000 3884 380
-980 3810 360
-970 4033 230
-910 3588 410
-880 3458 440
-840 3330 500
-800 3217 540
-780 3031 390
-740 2808 520
-690 2933 480
-670 2479 550
-630 2501 450
-610 2258 520
-610 2489 470
-590 2423 450
-560 2081 290
-530 2000 320
-500 1878 320
-460 1754 300
-430 1647 330
-390 1497 290
-390 1519 280
-360 1374 100
-320 1275 120
-310 1189 150
-280 1120 140
-250 1034 150
-230 949 170
-210 1005 120
-180 761 50
-140 596 20
-120 568 60
-60 347 20
#
