#
-2420 10922 70
-2390 10831 40
-2360 10623 70
-2330 10537 160
-2300 10254 10
-2270 10096 30
-2220 9921 100
-2210 9817 90
-2180 9408 260
-2160 9542 140
-2150 9357 150
-2120 9230 140
-2120 9441 130
-2110 9019 240
-2090 8928 220
-2080 8842 180
-2050 8744 210
-2010 8508 230
-1990 8405 130
-1960 8213 100
-1940 8123 120
-1910 7931 90
-1900 7754 100
-1830 7568 30
-1800 7470 60
-1790 7380 240
-1760 7189 210
-1760 7380 100
-1710 7145 190
-1690 6938 560
-1630 6730 310
-1610 6475 480
-1580 6380 520
-1570 6634 430
-1530 6143 530
-1490 5889 460
-1460 5574 370
-1440 6161 300
-1430 5429 400
-1390 5421 400
-1350 5281 330
-1340 5105 320
-1290 5063 250
-1270 5026 660
-1260 4773 340
-1220 4722 370
-1200 4559 600
-1150 4516 530
-1090 4171 550
-1070 4166 340
-1030 3997 490
-990 3983 270
-980 3875 580
-980 3910 190
-950 3761 500
-950 3819 220
-920 3787 450
-890 3461 570
-890 3589 440
-840 3310 560
-830 3403 410
-820 3214 500
-810 3156 560
-770 3070 540
-750 3010 420
-750 3092 410
-730 2775 450
-680 2588 590
-680 2719 540
-660 2629 380
-650 2509 560
-620 2517 390
-590 2306 360
-550 2156 480
-540 2135 480
-490 2029 290
-460 1844 350
-440 1834 240
-420 1691 310
-390 1544 280
-380 1530 320
-360 1454 250
-330 1297 260
-270 1132 200
-270 1186 160
-260 1168 170
-230 1035 170
-140 702 80
-110 541 20
-90 417 0
-50 361 10
#
