#
-2390 10882 50
-2360 10792 30
-2320 10686 90
-2310 10563 0
-2290 10362 20
-2260 10224 40
-2230 10121 40
-2200 9922 70
-2180 9840 90
-2140 9663 150
-2130 9534 30
-2120 9306 270
-2100 9214 250
-2080 9119 310
-2060 8888 210
-2020 8646 220
-1980 8556 260
-1950 8245 150
-1920 8144 170
-1890 8046 150
-1860 8020 310
-1850 7808 240
-1820 7624 230
-1800 7532 250
-1780 7407 170
-1730 7278 320
-1720 7208 110
-1690 7084 240
-1670 6998 60
-1630 6885 180
-1630 6908 80
-1610 6786 160
-1580 6633 430
-1550 6435 400
-1530 6340 420
-1490 6051 460
-1440 5884 540
-1410 5683 540
-1380 5597 250
-1350 5489 570
-1330 5218 300
-1320 5383 280
-1300 5126 280
-1270 5017 270
-1240 4845 390
-1210 4753 370
-1210 4773 290
-1200 4900 200
-1170 4646 350
-1160 4543 400
-1150 4534 410
-1140 4537 380
-1110 4328 490
-1070 4238 450
-1060 4120 510
-1030 4009 440
-1000 3898 500
-960 3774 480
-930 3629 470
-890 3575 420
-840 3311 440
-800 3156 500
-770 3047 470
-740 3132 360
-720 2993 360
-700 2876 340
-680 2646 480
-630 2686 390
-620 2515 420
-580 2236 510
-560 2354 420
-540 2228 410
-530 2124 490
-470 1993 430
-450 1866 380
-430 1837 260
-410 1793 250
-370 1628 210
-350 1612 230
-330 1538 210
-290 1246 130
-260 1145 100
-220 1005 140
-190 935 60
-180 784 110
-170 828 80
-130 587 70
-120 578 50
-90 537 0
-80 380 10
-50 361 10
#
