#
-2030 10194 10
-2000 9929 30
-1990 9836 30
-1940 9582 50
-1940 9737 10
-1910 9491 30
-1900 9270 90
-1880 8987 150
-1870 9180 70
-1850 8823 180
-1840 8731 180
-1820 8640 140
-1790 8485 220
-1780 8328 140
-1730 8064 170
-1710 7957 190
-1690 7826 190
-1650 7684 80
-1630 7584 70
-1620 7270 210
-1590 7169 180
-1570 6884 120
-1540 6721 120
-1500 6513 100
-1470 6419 120
-1460 6429 110
-1410 6163 0
-1400 6160 160
-1360 5958 260
-1290 5713 570
-1270 5606 570
-1250 5484 160
-1220 5392 160
-1210 5259 510
-1200 5112 490
-1180 5230 130
-1150 4847 450
-1120 4713 520
-1090 4661 470
-1080 4592 550
-1060 4492 530
-1040 4433 490
-1020 4330 530
-1010 4292 470
-990 4192 450
-950 4091 420
-940 3958 500
-940 3995 440
-920 3928 390
-900 3820 370
-890 3793 360
-860 3751 520
-850 3631 320
-840 3559 410
-810 3465 440
-800 3397 370
-770 3300 340
-740 3165 210
-720 3139 350
-700 3124 570
-690 2931 260
-660 2803 510
-640 2726 500
-610 2531 460
-590 2624 250
-580 2405 480
-580 2428 440
-540 2236 410
-530 2245 380
-520 2176 450
-480 1996 330
-450 1876 300
-450 2063 280
-430 1770 300
-380 1667 230
-350 1581 280
-330 1474 180
-310 1397 170
-270 1241 200
-230 1147 90
-210 1041 80
-160 774 90
-110 540 40
-60 380 20
#
