#
-2250 10798 120
-2230 10654 140
-2200 10445 70
-2180 10351 90
-2170 10205 40
-2150 10111 60
-2140 10007 60
-2080 9344 290
-2060 9250 290
-2040 9692 20
-2020 9598 80
-2010 8897 240
-2000 8751 210
-1960 8562 210
-1910 8404 300
-1890 9079 160
-1880 8236 170
-1860 8137 150
-1820 8096 390
-1800 7822 150
-1770 7724 120
-1760 7644 200
-1730 7502 310
-1690 7365 190
-1670 7341 110
-1640 7155 310
-1610 6986 190
-1580 6882 220
-1550 6671 130
-1510 6580 100
-1490 6395 100
-1460 6303 70
-1440 6198 760
-1400 6048 70
-1390 5845 710
-1370 5771 710
-1360 5621 680
-1340 5475 700
-1310 5365 730
-1280 5872 640
-1260 5728 430
-1240 5090 560
-1220 4960 580
-1190 4945 600
-1180 4774 500
-1140 5037 380
-1130 4534 550
-1120 4554 490
-1090 4424 470
-1080 4781 260
-1040 4168 520
-1040 4263 500
-1000 4061 410
-970 3952 440
-930 3843 440
-920 3754 430
-890 3636 460
-870 3552 460
-840 3418 510
-820 3328 510
-800 3237 490
-780 3101 490
-740 3008 530
-700 2809 500
-670 2766 610
-650 2664 400
-630 2581 550
-580 2437 470
-560 2291 470
-540 2338 430
-510 2084 470
-490 2152 370
-470 2038 360
-460 1994 400
-420 1912 380
-390 1789 350
-350 1452 230
-320 1318 250
-290 1295 130
-270 1148 180
-250 1038 170
-220 908 180
-190 817 150
-180 817 140
-120 595 30
-110 627 20
-80 501 40
-60 448 0
-50 361 10
#
