#
-2490 10872 0
-2480 10748 10
-2430 10672 60
-2400 10423 70
-2360 10247 130
-2340 10136 80
-2300 9940 130
-2300 9965 100
-2260 9718 90
-2220 9441 180
-2210 9266 180
-2200 9142 180
-2150 9582 130
-2130 8834 140
-2130 9081 130
-2100 8743 170
-2060 8587 180
-2010 8300 170
-2000 8456 100
-1980 8006 190
-1950 7915 220
-1910 7911 80
-1850 7637 400
-1820 7623 140
-1770 7310 330
-1720 7098 410
-1710 7379 260
-1680 7153 260
-1670 7009 290
-1650 6763 600
-1630 6917 330
-1610 6820 200
-1590 6496 660
-1570 6398 570
-1560 6382 560
-1510 6217 690
-1500 6304 390
-1490 6039 610
-1430 6076 420
-1410 5946 400
-1390 5625 640
-1380 5759 620
-1350 5564 620
-1320 5437 680
-1320 5681 250
-1320 5979 230
-1300 5293 580
-1290 5243 380
-1260 5319 300
-1240 5081 300
-1220 4851 590
-1220 4929 320
-1200 4902 330
-1150 4724 430
-1150 4741 360
-1130 4526 530
-1110 4437 420
-1070 4290 530
-1050 4212 470
-1030 4379 440
-1020 4086 490
-990 3993 520
-990 4007 460
-960 3763 450
-950 3705 500
-910 3493 490
-890 3617 430
-870 3479 500
-850 3253 500
-830 3154 480
-780 2866 540
-780 3097 490
-750 2979 520
-740 2782 560
-720 2691 540
-670 2597 550
-670 2966 250
-650 2413 550
-590 2639 240
-570 2477 250
-540 2285 370
-540 2431 350
-510 2193 350
-450 2045 270
-440 2031 280
-420 2034 210
-400 1882 300
-380 1585 180
-370 1548 130
-350 1490 150
-320 1479 180
-280 1141 120
-270 1042 30
-230 901 60
-180 781 50
-160 722 40
-130 524 30
-110 437 10
-60 347 20
#
