#
-2470 10843 150
-2450 10749 160
-2390 10426 160
-2370 10326 160
-2330 10094 40
-2320 10053 190
-2300 9959 210
-2290 9989 10
-2230 9779 40
-2220 9606 60
-2190 9476 60
-2160 9014 390
-2110 9322 170
-2080 8722 380
-2080 9185 150
-2050 8548 250
-2000 8349 270
-1990 8175 260
-1980 8155 240
-1960 8076 290
-1910 7884 250
-1880 7676 400
-1840 7676 290
-1810 7306 310
-1780 7461 220
-1770 7212 320
-1750 7118 270
-1710 7014 300
-1680 6811 410
-1660 6971 370
-1620 6624 350
-1570 6515 120
-1560 6420 130
-1510 6233 110
-1460 6221 750
-1450 5956 210
-1420 5833 180
-1410 5553 710
-1390 5462 710
-1320 5416 610
-1300 5357 540
-1270 5090 640
-1260 5015 750
-1230 4969 730
-1210 4723 780
-1200 5174 630
-1190 4875 700
-1150 4923 450
-1130 4480 590
-1100 4430 720
-1100 4766 500
-1070 4299 510
-1050 4647 450
-1030 4549 460
-1010 4329 480
-1000 4019 590
-970 3921 590
-930 3752 790
-930 3827 760
-910 3677 780
-910 4182 500
-890 3732 700
-870 3560 660
-840 3459 680
-830 3403 740
-800 3157 740
-780 3242 620
-740 3057 580
-720 2844 650
-710 2950 550
-680 2787 570
-650 2941 510
-640 2788 560
-620 2681 410
-600 2576 490
-560 2290 470
-560 2420 430
-510 2159 420
-480 2130 360
-470 2008 360
-430 1837 370
-400 1748 350
-370 1634 330
-290 1556 40
-260 1430 60
-240 1258 90
-230 1215 90
-210 1010 60
-180 981 90
-170 855 100
-140 764 30
-130 725 80
-100 547 30
-90 451 0
-70 448 20
-50 361 10
#
