#
-2580 10831 70
-2550 10735 100
-2480 10440 50
-2430 10057 100
-2430 10170 80
-2400 9942 100
-2370 9872 70
-2340 9686 60
-2330 9389 320
-2310 9595 30
-2300 9834 20
-2280 9201 370
-2240 9020 340
-2200 8992 450
-2190 8805 160
-2180 8668 170
-2170 8592 200
-2120 8522 330
-2110 8404 200
-2090 8367 360
-2060 8120 190
-2020 7745 270
-1990 7967 260
-1980 7555 190
-1960 7456 210
-1920 7250 130
-1900 7150 150
-1880 7060 150
-1860 7057 170
-1830 6950 80
-1810 6843 220
-1770 6762 110
-1710 6457 290
-1680 6367 260
-1660 6306 290
-1650 6252 310
-1610 6144 390
-1570 6054 280
-1540 5949 310
-1520 5844 320
-1470 5741 380
-1450 5711 810
-1430 5415 700
-1410 5585 680
-1400 5306 730
-1360 5248 650
-1330 5044 700
-1330 5147 650
-1300 5119 690
-1290 4949 640
-1280 4842 560
-1230 4636 610
-1220 4552 600
-1190 4429 590
-1140 4254 500
-1100 4126 540
-1050 3937 530
-1030 3847 550
-1010 3747 530
-980 3659 500
-970 3651 510
-930 3550 460
-900 3413 540
-870 3392 490
-860 3370 440
-820 3097 390
-790 3071 730
-750 3207 350
-740 2953 470
-730 2831 580
-690 2778 620
-680 2739 600
-660 2751 570
-650 2492 590
-580 2236 510
-550 2425 480
-540 2150 470
-500 1914 400
-490 2029 340
-470 1790 400
-430 1711 330
-420 1765 270
-370 1476 300
-360 1473 300
-300 1443 120
-280 1353 140
-260 1161 140
-210 1065 120
-170 913 130
-130 679 60
-110 487 40
-100 479 40
-60 368 0
-50 361 10
#
