#
-2710 10990 20
-2650 10805 80
-2630 10861 10
-2620 10768 50
-2590 10548 80
-2540 10347 90
-2480 10224 40
-2460 10172 70
-2440 10052 120
-2400 9800 230
-2310 9395 160
-2290 9348 150
-2240 9194 180
-2220 8768 290
-2200 8675 270
-2170 8977 100
-2150 8470 300
-2090 8441 200
-2080 8084 190
-2040 8021 250
-2010 7898 220
-2000 7797 210
-1980 7693 140
-1970 7603 140
-1920 7502 130
-1900 7409 150
-1860 7232 160
-1790 7232 230
-1780 7009 510
-1760 7056 490
-1740 6999 310
-1720 6823 480
-1680 6737 710
-1650 6602 740
-1640 6557 700
-1620 6314 330
-1580 6300 320
-1560 5917 680
-1550 6037 310
-1530 6245 210
-1520 5693 590
-1500 5555 610
-1480 5828 240
-1460 5450 650
-1440 5359 630
-1410 5343 720
-1370 5227 580
-1360 5105 690
-1350 5421 270
-1300 4895 630
-1300 5010 420
-1270 4765 660
-1250 5102 380
-1220 5011 380
-1200 4517 610
-1200 4586 400
-1190 4381 450
-1180 4666 350
-1120 4215 440
-1100 4044 360
-1070 3921 570
-1030 3755 570
-960 4319 200
-950 3514 420
-900 3948 350
-860 3083 520
-830 3750 360
-820 3323 470
-800 2804 460
-790 3562 400
-750 2623 540
-730 2571 460
-720 2411 570
-690 3202 340
-660 2221 530
-620 2074 530
-620 2573 390
-570 1980 520
-570 2453 190
-520 2365 240
-490 2156 330
-470 1987 270
-410 1765 260
-360 1564 120
-320 1398 80
-300 1200 130
-270 1114 120
-260 963 120
-260 1301 30
-210 820 0
-180 713 30
-170 610 30
-140 500 50
-100 365 10
-60 345 20
#
