#
-3110 15130 30
-3080 15019 40
-3030 14824 60
-2970 14579 80
-2930 14390 100
-2920 14295 120
-2850 13898 200
-2830 14039 140
-2810 13945 160
-2750 13294 370
-2730 13320 220
-2700 13015 420
-2670 12605 210
-2640 12515 190
-2600 12886 150
-2550 12400 410
-2540 12156 110
-2510 11897 90
-2490 12014 60
-2450 11468 90
-2410 11390 160
-2370 11265 120
-2360 11172 120
-2320 10966 70
-2290 10665 50
-2270 10142 270
-2260 9986 270
-2230 9880 240
-2200 10390 90
-2180 9574 260
-2120 9181 230
-2070 8997 210
-2040 8672 190
-2020 10150 170
-2010 9697 170
-1950 8555 300
-1920 8083 130
-1890 7957 120
-1820 7798 160
-1750 8238 110
-1730 7417 250
-1720 7516 150
-1680 7183 400
-1670 7149 570
-1640 7020 600
-1600 6938 490
-1580 6735 590
-1550 6430 550
-1490 6877 530
-1450 6353 280
-1420 6177 500
-1380 5903 330
-1340 5572 550
-1330 5724 450
-1290 5306 480
-1280 5535 280
-1250 5441 280
-1220 5164 460
-1200 4924 470
-1180 5321 310
-1090 4536 520
-1090 4739 510
-1060 5016 430
-1030 3995 550
-1000 4870 410
-940 3881 480
-920 4344 380
-910 3695 440
-900 4113 350
-810 3930 320
-790 3764 360
-780 3354 350
-740 4240 290
-700 2981 580
-680 3343 340
-660 3017 510
-630 2689 570
-620 2520 520
-550 2474 490
-540 2332 440
-480 1882 360
-450 2138 350
-440 1795 380
-430 2314 310
-390 2257 290
-310 1966 140
-240 1414 120
-230 1349 130
-200 1208 50
-150 1089 30
-130 887 10
-120 655 0
-80 522 20
#
