#
-3510 15129 20
-3480 14946 30
-3430 14763 50
-3350 14744 70
-3310 14232 200
-3270 13977 160
-3190 13837 160
-3140 13261 230
-3140 13626 180
-3100 13071 230
-3040 13349 130
-2930 12833 40
-2920 12512 220
-2890 12331 170
-2870 12083 140
-2850 11945 120
-2810 11983 100
-2770 11706 260
-2730 11527 110
-2710 11325 330
-2660 11127 140
-2570 10898 110
-2560 10760 120
-2500 10657 470
-2460 10545 870
-2420 10241 390
-2380 10285 240
-2330 9944 300
-2310 9621 810
-2300 9540 810
-2240 9766 710
-2210 9318 830
-2200 9115 760
-2180 9438 750
-2130 8961 630
-2110 9057 480
-2080 8601 680
-2060 8480 630
-2030 8350 660
-1960 8218 670
-1930 8828 530
-1880 8118 620
-1820 7971 720
-1820 8141 410
-1790 7590 770
-1780 7692 650
-1750 7615 540
-1740 7716 520
-1700 7210 570
-1680 7153 670
-1630 6751 800
-1570 6961 700
-1560 6582 780
-1530 7006 500
-1510 6872 520
-1480 6313 750
-1460 5870 680
-1450 6354 580
-1400 6068 580
-1360 5493 600
-1330 6776 440
-1300 5804 570
-1200 5090 600
-1180 5007 590
-1130 4630 620
-1080 4693 580
-1040 4628 550
-1000 5102 440
-990 4153 630
-970 4372 620
-910 3957 790
-870 3787 430
-800 3044 610
-770 3747 360
-710 3597 510
-700 3183 560
-700 3274 550
-630 2948 490
-590 2746 490
-540 3295 390
-520 2684 370
-510 2676 410
-500 2188 350
-480 2832 290
-440 2071 280
-440 2270 260
-350 2446 110
-320 1992 100
-310 1860 60
-300 1666 70
-270 1410 60
-270 1485 50
-230 1250 50
-200 1079 40
-190 885 40
-120 592 0
-70 490 20
#
