#
-2660 14026 120
-2650 13934 130
-2600 13670 120
-2570 13534 90
-2560 13427 170
-2530 13257 160
-2520 13227 180
-2500 12909 110
-2470 12715 110
-2440 12508 80
-2410 12359 50
-2370 12139 50
-2340 12008 60
-2300 11789 60
-2270 11729 330
-2250 11603 320
-2210 11396 250
-2170 11240 270
-2140 11046 240
-2130 10687 550
-2100 10824 280
-2080 10699 260
-2050 9802 430
-2050 10596 290
-2020 10421 250
-2000 9705 520
-2000 10423 190
-1950 9302 390
-1930 10142 190
-1880 8997 450
-1860 9959 210
-1830 8712 430
-1810 8566 400
-1770 8470 440
-1740 8422 600
-1700 8110 390
-1660 7932 390
-1620 7796 590
-1600 7743 610
-1550 7692 650
-1500 6924 630
-1480 6745 650
-1430 7200 580
-1420 6594 580
-1420 7066 550
-1380 6332 500
-1340 6144 500
-1280 5842 560
-1250 5601 620
-1210 5500 580
-1200 5339 480
-1170 5247 510
-1160 5244 510
-1130 5093 530
-1080 4921 590
-1040 4791 590
-1010 4569 520
-980 4420 380
-910 4196 450
-880 3993 470
-830 3901 380
-820 3829 380
-770 3723 380
-760 3658 460
-750 3501 460
-740 3479 470
-720 3354 470
-690 3263 470
-650 3112 610
-630 3009 360
-620 3247 330
-610 2898 360
-550 2658 280
-510 2503 350
-490 2445 290
-470 2321 350
-470 2380 310
-370 1887 310
-340 1830 280
-290 1728 170
-290 1960 150
-270 1697 170
-250 1434 210
-250 1486 170
-220 1466 100
-190 1323 60
-170 1225 60
-140 1004 100
-120 1044 20
-110 994 40
-80 734 40
-40 606 0
#
