#
-3080 15125 50
-3060 15021 70
-3030 14927 80
-3000 14644 100
-3000 14821 60
-2980 14554 100
-2930 14411 40
-2890 13794 240
-2890 14054 50
-2870 13690 240
-2830 13487 160
-2820 13365 150
-2780 12962 170
-2760 12858 170
-2720 13139 110
-2670 12598 220
-2630 12124 130
-2630 12470 100
-2590 12031 130
-2570 11930 160
-2520 11608 150
-2460 11410 230
-2450 11337 230
-2410 11222 180
-2390 10916 310
-2370 11058 290
-2330 10511 390
-2310 10866 260
-2300 10392 360
-2280 9923 200
-2250 9777 200
-2180 9507 190
-2170 9460 260
-2120 9312 180
-2100 9227 270
-2050 9059 150
-2010 8943 250
-1980 8853 250
-1950 8764 310
-1930 8446 260
-1880 8253 210
-1830 8115 360
-1820 8065 630
-1780 7902 210
-1740 7718 210
-1680 7380 560
-1630 7207 630
-1610 7098 570
-1560 6808 570
-1560 6946 530
-1500 6688 620
-1460 6532 480
-1450 6509 510
-1400 6040 590
-1380 6287 550
-1350 6300 470
-1340 6049 480
-1300 5649 540
-1270 5666 510
-1230 5608 630
-1200 5298 440
-1190 5280 450
-1170 5194 450
-1140 5070 540
-1100 4855 580
-1070 4933 470
-1040 4834 490
-1030 4632 570
-1010 4478 580
-990 4431 600
-980 4388 410
-960 4283 430
-890 3995 440
-820 3713 400
-750 3319 360
-740 3310 360
-670 3124 600
-620 2931 550
-550 2497 390
-500 2634 290
-440 2017 370
-410 2067 340
-380 1895 330
-320 1761 270
-270 2184 80
-220 1389 120
-200 1208 0
-140 933 40
-120 1056 20
-90 736 50
-50 567 10
#
