#
-2920 14806 80
-2900 14713 60
-2880 14613 90
-2860 14491 110
-2840 14398 110
-2830 13861 40
-2800 13621 70
-2780 13629 50
-2700 13228 170
-2690 13156 50
-2660 12916 60
-2620 12741 330
-2590 12684 370
-2570 12533 370
-2560 12514 150
-2550 11712 320
-2530 11619 300
-2500 12239 140
-2460 11346 290
-2410 11969 230
-2370 11050 280
-2350 10974 210
-2340 10857 260
-2300 10613 290
-2230 10476 310
-2180 10387 230
-2130 10145 180
-2120 9968 240
-2100 9754 270
-2070 9354 530
-2060 9618 450
-2050 9204 480
-2020 9106 510
-1980 8823 470
-1930 8582 470
-1880 8638 420
-1840 8191 660
-1800 7906 650
-1790 8389 350
-1780 7724 670
-1700 7574 600
-1660 7311 620
-1590 7511 350
-1580 7024 560
-1550 6873 580
-1500 6672 560
-1490 6460 640
-1460 6370 610
-1450 6568 550
-1410 6237 650
-1390 6079 540
-1370 5730 670
-1310 5862 630
-1300 5526 630
-1230 5593 620
-1190 4832 670
-1160 4573 680
-1130 4544 630
-1120 4962 460
-1100 5045 430
-1070 4420 540
-1060 5299 390
-1020 4088 540
-980 4260 420
-930 4001 430
-910 3813 460
-850 3573 650
-830 3481 670
-790 3340 630
-750 3284 590
-740 3009 640
-710 3088 510
-690 3033 490
-660 2793 540
-620 2541 550
-610 2792 530
-570 2646 410
-540 2517 380
-510 2277 390
-480 2140 400
-380 2230 180
-360 2216 200
-330 2042 210
-310 1886 190
-290 1683 220
-260 1727 160
-240 1505 150
-210 1533 10
-200 1288 0
-170 1196 30
-140 916 50
-90 671 20
-70 522 20
#
