#
-3320 15068 90
-3300 14969 110
-3200 14610 80
-3190 14434 80
-3160 13860 190
-3120 13718 230
-3090 14075 150
-3070 13521 200
-3050 13938 150
-3040 13426 230
-2980 13080 110
-2900 12787 170
-2870 12696 140
-2860 12606 130
-2820 12252 200
-2790 12146 170
-2760 11989 260
-2700 11624 300
-2660 11426 260
-2610 11222 210
-2570 11024 190
-2530 10831 300
-2500 10665 330
-2450 10590 400
-2430 10304 190
-2360 9995 240
-2340 9895 220
-2250 9806 800
-2200 9468 800
-2190 9355 820
-2180 9647 750
-2160 9715 730
-2140 9432 740
-2110 9724 480
-2100 9010 250
-2050 9008 780
-2040 8747 250
-2020 8655 230
-2000 8323 790
-1970 8220 790
-1900 8016 640
-1830 8058 510
-1820 7462 690
-1760 7469 620
-1760 7783 540
-1710 7274 680
-1700 7412 550
-1690 7314 600
-1640 6950 610
-1570 6657 570
-1530 7124 530
-1510 6293 630
-1470 6585 590
-1420 5974 720
-1410 6322 530
-1380 5829 680
-1350 6155 500
-1320 5793 640
-1300 5493 660
-1190 5143 580
-1130 5094 610
-1130 5239 560
-1060 4650 520
-1000 4377 630
-950 4203 440
-920 4017 430
-900 3882 460
-880 4163 410
-850 3723 440
-800 3591 720
-780 3281 670
-730 3077 650
-690 2934 610
-680 3421 510
-590 2629 420
-540 2345 420
-520 3082 320
-490 2167 370
-460 2001 390
-450 2549 280
-420 2135 350
-410 2125 350
-340 1874 270
-320 1868 270
-270 1790 140
-250 1461 130
-220 1389 100
-170 1154 50
-150 1098 20
-130 881 60
-120 771 0
-110 696 10
-100 621 30
-70 522 20
#
