#
-2740 15071 80
-2720 14981 60
-2670 14775 40
-2640 14417 120
-2610 14394 40
-2600 14305 220
-2590 14317 170
-2550 13845 110
-2540 13508 140
-2520 13225 130
-2490 13388 110
-2480 13021 130
-2460 12827 80
-2440 12678 130
-2400 12406 110
-2350 12179 50
-2330 12085 30
-2300 11912 180
-2280 11842 150
-2260 11558 120
-2230 11389 320
-2200 11299 290
-2160 11274 30
-2140 10839 280
-2120 10747 260
-2120 11080 70
-2060 10533 350
-1990 10207 350
-1950 9973 190
-1870 9423 620
-1850 9024 530
-1800 8920 640
-1790 8876 590
-1770 9504 420
-1750 8730 570
-1730 8565 570
-1710 9118 430
-1680 8429 510
-1620 7879 650
-1600 8212 460
-1580 7819 610
-1560 7708 590
-1550 7711 580
-1540 8052 360
-1520 7240 600
-1450 7474 400
-1440 7049 490
-1410 7384 360
-1400 6849 530
-1360 6765 560
-1330 6948 440
-1300 6272 640
-1260 6375 480
-1230 6042 520
-1170 5485 550
-1130 6486 470
-1120 5247 550
-1120 5816 540
-1110 6152 410
-1010 4873 500
-990 5707 470
-960 4691 450
-960 5565 440
-950 4208 540
-890 4347 440
-880 3922 450
-850 3927 400
-820 3721 390
-800 3726 380
-730 3473 330
-660 3186 310
-630 3131 310
-610 2956 490
-560 2635 500
-510 2320 330
-480 2230 300
-450 2944 220
-430 2356 250
-420 2843 190
-400 1848 350
-340 2040 220
-330 1977 230
-300 1902 200
-280 2046 100
-220 1721 120
-190 1518 90
-180 1077 60
-140 840 80
-120 867 0
-110 753 10
-80 633 20
-60 550 10
#
