#
-2880 14855 130
-2860 14688 140
-2820 14410 140
-2780 14249 70
-2760 14158 70
-2720 13981 30
-2700 13857 50
-2670 13747 40
-2640 13039 360
-2620 12885 340
-2620 13588 50
-2600 13515 100
-2560 12598 280
-2550 13292 90
-2510 12413 250
-2470 12206 230
-2440 12062 230
-2410 11989 440
-2370 11847 260
-2360 11733 220
-2310 11577 400
-2300 11415 520
-2280 11486 400
-2270 10690 460
-2240 10584 490
-2210 11193 340
-2190 10313 400
-2180 11086 370
-2150 10137 370
-2120 10047 400
-2090 9887 400
-2010 9596 380
-1970 9310 510
-1930 9360 300
-1920 9155 460
-1880 8994 710
-1860 8848 450
-1810 8815 520
-1790 7857 570
-1770 7764 590
-1730 7570 510
-1720 8341 500
-1670 7424 450
-1640 7160 420
-1590 6971 470
-1580 6987 360
-1510 6770 700
-1470 6533 650
-1450 6468 610
-1400 6259 670
-1350 6081 560
-1340 6069 570
-1290 5749 620
-1270 5664 630
-1200 5494 550
-1170 5214 610
-1120 5016 560
-1080 4947 680
-1080 5119 520
-1050 4841 680
-1030 4518 420
-980 4329 420
-920 4158 650
-870 4044 640
-870 4134 630
-860 3982 550
-850 3956 660
-820 3809 570
-800 3640 430
-770 3560 410
-710 3438 660
-690 3391 570
-670 3087 440
-660 3325 390
-640 2946 370
-610 2757 300
-570 2584 320
-530 2456 280
-490 2356 440
-460 2265 410
-420 2065 300
-390 1958 270
-360 1800 290
-340 1762 290
-310 1541 190
-300 1462 200
-290 1448 170
-280 1369 180
-230 1258 110
-190 1126 150
-170 1227 40
-150 987 50
-120 857 0
-70 599 20
-50 561 10
#
