#
-3050 14895 30
-3000 14605 50
-2970 14467 50
-2950 14314 70
-2900 14129 140
-2870 13863 150
-2850 13835 140
-2820 13357 150
-2790 12965 130
-2730 12780 160
-2710 12676 120
-2670 11990 210
-2640 11877 210
-2620 12242 170
-2590 11607 170
-2590 12314 130
-2570 11436 190
-2550 11337 170
-2520 11052 180
-2440 10787 120
-2390 10743 170
-2360 10526 120
-2330 10432 120
-2300 10257 240
-2260 10164 240
-2240 9667 440
-2210 10017 180
-2190 9456 440
-2120 8991 320
-2090 8838 310
-2080 9437 250
-2040 9345 290
-2030 8747 470
-2020 8702 420
-1980 8454 420
-1980 8507 340
-1950 8228 310
-1900 8009 340
-1850 7901 640
-1770 7480 680
-1750 7315 540
-1670 7001 610
-1650 7020 530
-1640 6853 600
-1580 6783 550
-1540 6290 550
-1500 6156 500
-1450 5975 490
-1420 5846 490
-1390 5752 520
-1350 5589 510
-1320 5499 480
-1310 5274 560
-1270 5308 460
-1210 5120 550
-1200 4904 430
-1160 4836 570
-1150 4571 580
-1120 4395 580
-1090 4300 550
-1060 4192 550
-1030 4100 520
-980 3978 450
-920 3882 510
-910 3689 430
-820 3482 400
-770 3280 390
-740 3188 410
-720 3026 590
-680 2911 540
-650 2675 530
-580 2765 390
-560 2551 480
-550 2523 370
-530 2316 390
-480 2109 360
-480 2250 340
-460 2335 290
-430 2120 270
-400 1879 270
-340 1679 280
-280 1815 80
-250 1575 80
-230 1447 90
-220 1361 70
-190 1296 60
-190 1377 40
-180 1258 70
-160 1006 80
-140 889 20
-130 1039 10
-120 771 0
-110 696 10
-70 522 20
#
