#
-2430 14756 140
-2410 14326 140
-2370 14010 90
-2330 13488 80
-2320 13263 150
-2300 13171 170
-2280 12616 80
-2260 12523 100
-2220 12332 100
-2180 12231 90
-2150 11645 160
-2130 11553 160
-2110 11912 130
-2060 11229 160
-2040 11023 250
-1980 10752 230
-1950 10515 230
-1920 10415 280
-1880 9828 250
-1870 10321 190
-1860 9726 430
-1800 10171 150
-1780 9380 470
-1730 9078 360
-1670 8874 340
-1630 8778 300
-1600 8813 270
-1580 7881 540
-1550 8485 260
-1540 7727 580
-1510 8391 230
-1480 7750 330
-1470 7383 410
-1450 7277 440
-1390 7025 410
-1370 6926 390
-1360 6705 420
-1320 6562 560
-1320 6610 380
-1300 6513 400
-1260 6358 520
-1260 6416 440
-1240 6366 480
-1190 6313 640
-1150 6057 470
-1120 5867 460
-1080 5375 560
-1080 5680 480
-1060 5430 510
-1030 5147 580
-1020 5228 530
-990 5015 440
-950 4921 440
-920 4612 520
-890 4748 450
-880 4410 540
-840 4314 500
-800 4045 580
-780 3953 560
-720 3752 460
-680 3625 580
-650 3464 580
-580 3244 350
-570 2947 330
-530 2771 350
-500 2600 320
-490 2726 310
-450 2498 350
-410 2246 350
-410 2437 290
-400 2088 180
-340 1836 220
-320 1874 200
-290 1876 170
-280 1581 200
-250 1452 170
-200 1249 120
-140 1055 60
-120 1088 0
-100 922 40
-80 791 40
-80 795 20
-60 694 20
#
