#
-3210 18375 90
-3170 18157 80
-3130 17843 100
-3090 17553 110
-3060 17452 130
-3050 15650 100
-3030 16567 80
-3020 15567 130
-3000 16966 70
-2990 16259 70
-2940 16267 50
-2920 16176 40
-2910 14984 60
-2850 14785 120
-2820 13878 310
-2790 14614 170
-2750 13648 260
-2730 14269 230
-2690 13363 230
-2620 12991 230
-2560 12721 280
-2530 12581 250
-2450 12202 630
-2440 12488 220
-2410 12483 620
-2400 12094 650
-2370 11781 410
-2310 11496 380
-2250 11310 380
-2230 11023 420
-2210 10799 470
-2150 10529 470
-2110 10982 400
-2070 10302 580
-2020 9990 500
-2010 9804 630
-1960 9670 590
-1920 9554 560
-1900 9266 390
-1800 8810 600
-1730 8455 550
-1700 8456 510
-1670 7980 570
-1670 8130 540
-1590 7780 620
-1560 8045 560
-1500 7590 490
-1430 6925 510
-1420 7084 480
-1380 6609 540
-1350 6329 530
-1320 6120 520
-1300 6021 520
-1210 5759 460
-1200 5706 520
-1140 5306 510
-1070 5061 440
-1020 4773 460
-1000 4893 450
-970 4548 530
-960 4458 530
-910 4163 350
-860 4017 300
-850 3883 300
-780 3740 340
-760 3548 330
-690 3419 290
-640 3095 540
-640 3194 340
-630 3035 540
-590 2688 360
-560 2855 270
-550 2599 310
-480 2416 350
-480 2556 170
-450 2244 210
-440 2182 360
-420 2075 190
-390 2065 260
-380 2023 270
-330 1841 140
-320 1722 140
-300 1623 170
-270 1336 150
-240 1214 160
-150 1060 0
-140 946 10
-120 830 20
-110 754 20
-80 638 10
#
