#
-4050 18838 20
-4010 18725 60
-3980 18470 100
-3980 18471 90
-3900 18097 0
-3870 17981 30
-3850 17890 30
-3760 17613 210
-3730 17449 170
-3700 17352 170
-3620 17108 210
-3600 17017 190
-3530 17006 280
-3480 16729 180
-3470 16479 190
-3440 16339 200
-3360 16223 260
-3330 15764 690
-3280 15711 660
-3280 16011 510
-3270 15515 530
-3230 15289 790
-3200 14704 800
-3170 15342 660
-3120 14902 500
-3070 14631 580
-3000 14480 770
-2920 14062 790
-2860 14359 370
-2830 13701 610
-2770 13389 540
-2760 13705 370
-2740 13509 420
-2710 13129 460
-2550 12618 550
-2540 12359 350
-2490 12232 350
-2450 12026 700
-2400 11596 720
-2360 11427 710
-2290 11532 620
-2280 11059 710
-2200 10877 800
-2180 10907 750
-2150 10551 720
-2130 10245 700
-2060 11264 470
-2000 10326 270
-1980 9687 680
-1950 10076 610
-1890 10002 490
-1830 9572 620
-1810 8896 700
-1780 9563 450
-1770 9236 690
-1740 8701 670
-1720 8717 600
-1660 8428 740
-1640 8441 640
-1620 7755 760
-1550 7906 730
-1530 7798 750
-1430 7841 590
-1390 7574 520
-1370 6854 520
-1290 7280 480
-1260 6522 560
-1250 6418 630
-1190 6131 800
-1150 6059 570
-1080 5468 460
-1030 5336 420
-1010 5321 440
-900 4594 770
-900 4715 390
-890 4962 330
-830 4426 390
-770 4273 570
-720 4286 320
-700 3872 380
-640 3432 470
-610 3772 400
-600 3478 250
-580 3242 340
-490 3009 300
-450 2807 220
-430 2344 270
-410 2621 130
-360 2299 120
-320 2031 250
-320 2078 140
-310 2072 150
-270 1644 50
-240 1531 50
-180 1217 70
-180 1469 40
-150 920 30
-90 963 20
-70 571 10
#
