#
-2730 17946 60
-2670 16600 90
-2670 17494 70
-2660 17116 40
-2630 16092 90
-2610 16930 50
-2580 15735 90
-2530 15338 120
-2460 14589 270
-2420 14380 240
-2380 14740 120
-2360 13716 220
-2350 13527 270
-2310 13301 250
-2250 13014 250
-2250 13886 100
-2200 12744 180
-2180 12465 200
-2160 12373 220
-2120 12244 170
-2090 12060 160
-2000 11602 330
-1990 11589 420
-1960 11295 330
-1930 11111 320
-1920 10901 450
-1900 11008 320
-1890 10771 510
-1880 10760 550
-1850 10870 480
-1840 10272 450
-1790 10131 370
-1730 9844 360
-1700 9416 450
-1660 9660 340
-1580 8810 380
-1550 8720 350
-1540 8580 490
-1520 8617 350
-1490 8467 470
-1480 8151 520
-1460 8394 370
-1430 8078 470
-1410 7748 490
-1350 7457 460
-1330 7548 370
-1290 7399 400
-1270 7261 310
-1200 6921 470
-1180 6826 400
-1140 6625 400
-1110 6347 420
-1060 5880 460
-1050 6101 440
-990 5491 500
-970 5719 420
-950 5171 500
-940 5626 390
-900 5298 390
-880 4993 410
-870 4931 500
-820 4535 500
-820 4747 440
-780 4676 390
-750 4347 380
-720 4137 410
-680 4004 530
-660 3988 290
-640 3800 290
-630 3790 540
-610 3692 470
-590 3338 280
-550 3304 420
-520 2989 300
-490 2801 300
-460 2474 140
-410 2365 140
-340 1851 140
-280 1648 150
-240 1515 150
-230 1354 80
-200 1223 80
-120 991 10
-100 895 20
#
