#
-2910 18836 30
-2830 18539 60
-2820 18441 80
-2810 17695 90
-2790 18348 70
-2770 18125 50
-2740 17938 70
-2710 17282 70
-2670 16796 160
-2630 16562 160
-2590 16366 160
-2570 15781 40
-2540 15566 30
-2520 15390 10
-2500 14283 140
-2470 14036 140
-2460 15002 90
-2440 14911 80
-2430 14679 110
-2420 13695 130
-2360 13113 100
-2300 12129 130
-2300 12869 90
-2260 11916 210
-2230 12248 60
-2220 11548 220
-2170 11074 120
-2100 10754 170
-2060 10573 180
-2050 10436 230
-1990 10316 210
-1980 10161 250
-1970 9880 220
-1920 9664 220
-1830 9301 220
-1790 8845 440
-1750 8566 480
-1750 8726 450
-1700 8224 470
-1670 8375 420
-1630 7738 470
-1600 7690 470
-1580 8078 460
-1570 7429 410
-1470 7206 400
-1450 6966 410
-1430 6711 470
-1380 7074 380
-1330 6520 460
-1290 6155 430
-1280 5893 450
-1270 6097 440
-1260 5745 360
-1180 5364 420
-1140 5213 420
-1090 4958 350
-1090 5478 330
-1070 4902 300
-1060 4519 360
-1010 4325 350
-950 4105 370
-940 4079 300
-870 3914 380
-840 3822 380
-830 3741 330
-790 3590 340
-760 3438 320
-760 3656 300
-730 3499 270
-700 2993 360
-640 3031 290
-630 2893 290
-590 2782 390
-540 2517 340
-520 2649 260
-470 2335 270
-440 2227 280
-430 2050 310
-410 1912 310
-360 1581 270
-280 1691 110
-190 1129 100
-160 896 60
-150 868 0
-140 786 10
-110 600 20
-90 584 20
#
