#
-3420 18493 120
-3380 18299 110
-3350 18209 140
-3310 17968 120
-3280 17412 150
-3260 17317 150
-3220 17246 180
-3180 16934 230
-3130 16828 300
-3070 16726 70
-3060 16069 420
-2980 15149 400
-2980 16070 50
-2950 15032 430
-2940 15808 210
-2880 15045 330
-2840 14728 370
-2780 14572 330
-2750 13811 410
-2690 14051 260
-2650 13475 410
-2610 13294 380
-2590 12757 380
-2560 12508 480
-2540 12383 430
-2540 12532 360
-2470 12395 310
-2430 12079 320
-2360 11628 350
-2320 11406 310
-2270 11289 650
-2220 11103 340
-2170 10936 630
-2150 10723 600
-2120 10453 580
-2080 10332 690
-2050 10396 680
-2000 10166 710
-1960 9941 620
-1950 9852 640
-1930 9219 630
-1930 9814 620
-1890 9645 580
-1830 8952 530
-1780 8668 670
-1750 8470 660
-1750 8625 580
-1680 8368 510
-1640 7993 650
-1610 7722 660
-1540 8090 600
-1490 7175 670
-1450 7031 570
-1420 7212 550
-1410 6881 610
-1330 6670 570
-1300 6002 540
-1280 5907 560
-1260 6398 520
-1240 5894 550
-1210 5680 530
-1150 5523 400
-1140 5288 470
-1050 5251 450
-1020 5019 450
-1000 4777 560
-960 4636 530
-900 4412 470
-890 4226 540
-840 3974 470
-820 3878 490
-760 3721 450
-740 3598 270
-700 3332 300
-670 3235 570
-620 3038 460
-610 3004 490
-560 2682 470
-540 3092 240
-520 2647 280
-450 2596 180
-420 2167 320
-400 2052 260
-350 1813 240
-320 2091 140
-310 1662 200
-290 1572 200
-260 1482 170
-220 1350 80
-180 1089 90
-150 1011 0
-130 827 30
-90 637 20
#
