#
-3550 18760 60
-3520 18653 90
-3450 18371 0
-3430 18275 20
-3360 18072 50
-3320 17853 50
-3280 17755 90
-3270 17588 110
-3250 17498 130
-3220 17406 130
-3200 17394 120
-3160 17159 200
-3100 17017 100
-3070 16887 140
-2990 16682 220
-2960 15425 400
-2940 16295 140
-2910 16182 140
-2890 16010 360
-2880 15186 350
-2820 15843 240
-2790 15559 240
-2780 15055 650
-2760 14812 660
-2750 14503 330
-2670 14218 670
-2670 14439 600
-2640 14065 570
-2590 13874 600
-2560 13810 650
-2520 13469 670
-2510 13719 610
-2490 13010 350
-2420 12615 350
-2400 12613 320
-2360 12230 520
-2310 11781 700
-2280 11523 570
-2250 11436 540
-2170 11962 450
-2130 11271 510
-2110 11160 600
-2080 10794 540
-2070 10793 630
-2020 10446 630
-2010 10510 560
-2000 10794 490
-1980 10701 470
-1950 9640 560
-1880 10340 410
-1830 10046 390
-1780 8929 580
-1740 9436 440
-1720 9165 460
-1700 8564 680
-1640 8726 460
-1630 8261 680
-1610 8598 460
-1570 8140 520
-1560 7995 420
-1500 7647 590
-1470 7353 410
-1400 7080 500
-1350 7207 460
-1290 6718 400
-1240 6417 510
-1220 6316 300
-1190 6215 300
-1180 5971 550
-1130 5726 640
-1100 5629 640
-1070 5351 540
-970 5162 250
-960 4939 310
-880 4616 370
-860 4432 330
-820 4338 290
-760 4166 660
-730 3948 280
-710 3774 290
-690 3527 270
-560 2583 310
-510 2805 290
-450 3141 180
-410 2368 230
-400 2149 230
-360 2104 160
-320 1642 150
-280 1531 150
-240 1871 60
-200 1131 110
-180 1119 30
-110 731 40
-90 748 20
-70 574 10
#
