#
-3510 18678 90
-3470 18576 110
-3440 18486 120
-3410 18133 80
-3390 17832 140
-3350 18165 50
-3300 17555 80
-3280 17218 180
-3220 16669 130
-3160 16428 270
-3150 15814 330
-3110 16228 250
-3090 15474 290
-3030 14929 230
-2940 14708 240
-2920 14549 260
-2910 14106 260
-2800 13466 230
-2740 13422 280
-2720 13141 230
-2680 12812 310
-2650 13641 200
-2610 13311 170
-2600 12621 160
-2540 12469 160
-2510 12211 440
-2450 12138 240
-2380 11412 650
-2340 11110 670
-2330 11540 370
-2270 11182 610
-2250 11001 630
-2210 10864 600
-2160 10369 620
-2110 10075 600
-2090 10079 590
-2080 9633 660
-2060 9856 580
-2020 9659 630
-1940 9036 680
-1900 9122 500
-1890 8875 680
-1810 8785 470
-1790 8224 660
-1750 8511 530
-1700 8098 670
-1660 7901 540
-1630 7811 510
-1610 7685 640
-1580 7590 610
-1550 7179 500
-1480 7045 560
-1450 6526 520
-1420 6967 440
-1380 6389 510
-1330 6695 500
-1290 5881 500
-1230 5635 550
-1200 5543 530
-1160 5400 660
-1040 4778 570
-1040 4963 480
-1000 4700 510
-960 4607 450
-920 4469 420
-880 4224 380
-860 4203 400
-850 4113 410
-800 3877 440
-760 3766 420
-710 3495 360
-670 3281 570
-660 3185 570
-610 2904 520
-610 3134 300
-550 3010 400
-520 2654 380
-450 2203 340
-440 2112 340
-370 2175 220
-310 1858 230
-240 1979 60
-210 1683 60
-190 1557 70
-180 1364 30
-160 1035 10
-150 1017 0
-120 803 20
-100 708 20
#
