#
-3420 18639 40
-3410 18546 30
-3350 18139 50
-3300 17838 110
-3250 17229 190
-3230 17499 30
-3180 16743 200
-3170 16925 60
-3140 16533 190
-3110 16571 90
-3090 16283 160
-3040 16157 210
-3030 16019 150
-2970 15492 200
-2960 15347 160
-2930 14959 120
-2880 14715 140
-2860 14439 120
-2840 14298 270
-2810 14051 100
-2750 13680 250
-2730 13581 250
-2690 13256 230
-2640 13112 270
-2620 12737 220
-2560 12542 190
-2480 12442 340
-2430 11981 220
-2410 11805 410
-2370 11598 310
-2340 11505 310
-2310 11403 280
-2260 11269 640
-2200 11122 560
-2180 10835 570
-2150 10490 620
-2100 10037 600
-2030 9900 530
-2020 9614 540
-1970 9445 600
-1920 9266 520
-1870 8929 500
-1820 8758 530
-1790 8666 500
-1720 8358 510
-1690 8208 570
-1670 8202 580
-1630 7942 600
-1590 7638 630
-1580 7848 610
-1550 7194 540
-1510 6960 550
-1460 7501 490
-1450 6755 520
-1370 6322 500
-1280 6222 500
-1250 5861 470
-1210 5725 480
-1200 5613 480
-1150 5603 550
-1100 5174 490
-1080 5322 460
-1050 4889 490
-1010 4682 550
-970 4985 440
-940 4557 430
-910 4424 430
-890 4306 440
-870 4270 620
-820 3904 490
-790 3974 380
-760 3546 350
-740 3436 360
-650 3086 400
-610 2916 280
-580 2723 300
-520 2417 380
-490 2313 380
-490 2396 340
-490 2619 290
-470 2182 390
-380 2323 270
-370 2024 270
-330 1652 180
-300 1459 200
-220 1354 80
-200 1238 80
-170 1039 40
-150 1060 0
-120 830 20
-110 732 20
-80 711 10
#
