#
-2950 18278 140
-2910 18132 170
-2880 17785 80
-2850 17042 150
-2850 17733 110
-2790 17289 50
-2780 16707 110
-2720 16238 40
-2700 16147 60
-2660 16011 100
-2640 15450 250
-2620 15355 270
-2600 15886 230
-2530 14595 430
-2490 14890 180
-2460 14121 300
-2430 13817 300
-2380 13334 370
-2340 13499 330
-2300 12770 340
-2290 12838 300
-2240 12440 300
-2190 12171 280
-2150 12039 320
-2110 11612 610
-2060 11678 470
-2010 11283 460
-2000 11190 540
-1950 10726 580
-1920 10594 500
-1890 10355 460
-1870 9931 550
-1840 9715 560
-1810 9679 550
-1780 10210 420
-1760 9451 600
-1740 9250 460
-1710 9117 490
-1670 8891 520
-1660 8851 520
-1620 8669 560
-1580 8562 600
-1560 7994 560
-1500 7775 580
-1480 8305 480
-1450 7532 620
-1430 7392 510
-1410 7280 490
-1380 7189 490
-1360 7035 520
-1280 7073 380
-1250 6770 390
-1180 6163 510
-1150 6265 430
-1110 6103 390
-1050 5703 480
-1000 5297 450
-970 5148 510
-930 5219 310
-890 4592 440
-850 4979 350
-840 4845 360
-830 4855 310
-790 4447 340
-740 3982 500
-710 4127 360
-680 3709 530
-620 3347 530
-590 3338 480
-570 3163 200
-540 3042 440
-520 2905 230
-510 2801 210
-500 2851 200
-440 2449 250
-400 2313 250
-390 2205 240
-340 2064 240
-300 1733 140
-250 1597 140
-220 1495 120
-200 1298 70
-170 1210 40
-160 1054 70
-110 827 20
-110 902 10
-100 911 0
-90 787 20
#
