#
-3470 18625 80
-3420 18418 100
-3390 17621 110
-3380 17373 140
-3370 18170 30
-3350 18080 50
-3310 16974 120
-3240 16579 150
-3220 16486 130
-3190 16081 110
-3150 16294 80
-3130 15856 130
-3110 15625 130
-3080 15301 100
-3040 15204 100
-3020 15064 50
-2940 14715 200
-2930 14966 60
-2900 14618 200
-2880 14277 310
-2840 14283 180
-2820 13828 280
-2790 13730 280
-2770 14172 170
-2750 13537 280
-2700 13448 240
-2670 13309 300
-2610 12952 280
-2600 13130 260
-2550 12740 640
-2540 12590 610
-2510 12287 600
-2460 12006 620
-2410 11770 620
-2370 11518 650
-2340 11906 560
-2300 11323 650
-2260 10868 650
-2220 10555 570
-2120 10052 590
-2070 10365 580
-2060 9846 610
-1980 9451 550
-1950 9601 530
-1920 9252 610
-1880 9258 490
-1860 8733 580
-1840 8598 580
-1700 8213 560
-1640 7705 590
-1590 7780 570
-1590 7832 500
-1540 7491 520
-1530 6987 590
-1490 6793 540
-1440 7287 530
-1410 6737 470
-1390 6472 470
-1380 6531 420
-1360 6269 480
-1350 6317 450
-1290 5619 580
-1240 5312 600
-1180 5996 530
-1150 5032 540
-1130 5753 520
-1010 4637 440
-970 4426 450
-930 4332 450
-910 4457 410
-860 3932 560
-760 3823 400
-730 3711 370
-720 3277 560
-680 3028 600
-620 3490 540
-610 2890 440
-560 2568 460
-560 3026 390
-510 2823 340
-480 2661 360
-450 2465 360
-400 2164 220
-360 2012 210
-320 1795 230
-300 1672 230
-270 2130 90
-210 1464 50
-150 1017 0
-130 921 20
-120 764 40
-80 559 10
#
