#
-288 449 54
-272 443 70
-270 426 36
-266 399 76
-266 409 10
-262 421 6
-255 407 21
-248 376 58
-248 385 28
-244 397 24
-242 415 8
-234 439 0
-233 357 43
-232 381 2
-230 348 112
-229 369 39
-225 359 5
-220 342 122
-215 337 127
-215 353 19
-212 324 94
-210 331 20
-208 331 12
-202 318 104
-197 306 79
-193 303 3
-187 300 89
-183 297 85
-182 295 94
-178 293 90
-174 280 56
-164 274 66
-159 269 71
-157 252 39
-152 293 38
-151 264 33
-147 245 49
-135 240 61
-130 230 66
-129 249 27
-122 237 34
-116 241 2
-115 236 41
-108 207 88
-102 219 82
-101 231 13
-97 214 21
-95 226 7
-89 216 13
-88 202 68
-87 194 31
-87 208 11
-82 204 6
-77 188 21
-72 184 16
-65 182 9
-61 171 57
-60 172 4
-51 165 47
-46 161 42
-39 160 35
-38 149 18
-27 182 1
-23 156 3
-12 126 8
-7 139 3
#
