#
-461 448 43
-451 434 53
-443 425 25
-437 434 19
-428 406 10
-425 404 79
-416 398 18
-415 403 3
-407 380 61
-405 392 13
-401 390 55
-395 377 3
-390 368 44
-384 367 14
-379 359 33
-371 357 97
-367 355 21
-360 346 108
-353 346 151
-352 336 116
-347 327 1
-337 317 101
-334 316 134
-327 303 129
-326 307 112
-321 314 69
-317 305 121
-315 292 141
-306 281 164
-306 294 132
-297 307 23
-296 284 96
-295 271 175
-295 303 75
-294 299 52
-288 261 182
-286 281 148
-282 273 66
-281 252 187
-276 256 162
-272 244 184
-264 240 170
-260 267 60
-251 246 119
-243 219 149
-238 254 56
-233 215 179
-232 234 126
-231 221 117
-222 204 168
-222 216 112
-222 225 86
-216 211 40
-212 193 158
-206 204 152
-201 183 147
-197 224 35
-197 287 11
-196 194 142
-194 201 72
-190 181 156
-190 187 104
-186 227 4
-185 194 47
-179 188 65
-174 165 120
-169 172 73
-160 168 106
-160 176 16
-156 164 138
-149 161 93
-148 155 94
-143 130 109
-138 168 84
-133 144 23
-123 132 69
-115 122 61
-111 144 15
-106 123 50
-102 136 8
-101 116 7
-96 109 62
-94 105 40
-88 106 6
-85 98 51
-81 100 27
-75 90 21
-75 95 19
-60 88 26
-56 82 38
-54 79 0
-47 73 7
-37 72 3
-26 64 8
#
