#
-512 453 56
-510 448 58
-494 435 74
-493 432 75
-488 422 36
-483 438 31
-477 422 91
-471 406 53
-463 411 7
-449 393 29
-445 394 25
-438 386 130
-430 373 10
-429 370 11
-422 369 146
-422 398 2
-419 361 1
-418 358 0
-407 357 161
-391 346 177
-384 333 140
-378 338 8
-374 324 66
-370 327 16
-368 318 156
-358 307 82
-349 325 37
-343 295 97
-332 283 86
-331 300 23
-326 282 114
-320 282 248
-317 274 251
-315 274 39
-314 266 210
-306 271 60
-299 260 141
-295 248 229
-291 250 187
-289 247 235
-289 258 77
-281 242 243
-279 249 121
-278 225 246
-272 230 168
-260 244 106
-254 214 224
-253 212 187
-251 210 219
-244 205 174
-240 234 36
-237 199 203
-228 194 190
-225 177 193
-219 195 147
-216 188 150
-209 182 169
-201 186 43
-199 176 165
-181 179 149
-179 171 95
-169 143 137
-158 179 88
-156 185 48
-155 137 89
-155 160 77
-154 167 50
-152 140 80
-149 176 43
-142 131 102
-135 139 69
-131 115 101
-129 128 75
-119 149 35
-118 126 84
-115 121 75
-107 117 69
-98 109 64
-97 99 65
-90 115 14
-88 101 34
-79 148 3
-77 89 45
-74 94 20
-71 96 5
-62 78 32
-62 88 22
-58 71 26
-47 73 7
-43 56 11
-36 62 4
-31 50 1
#
