#
-537 454 57
-522 439 40
-506 418 24
-505 417 25
-498 422 16
-487 411 5
-484 403 46
-482 409 32
-472 394 10
-469 391 61
-463 389 67
-456 381 6
-450 379 12
-442 372 88
-439 368 23
-425 367 3
-415 357 23
-409 353 13
-402 347 36
-388 336 34
-385 331 97
-377 325 217
-370 310 224
-369 302 225
-364 317 76
-362 312 168
-352 289 242
-345 304 21
-342 302 54
-340 296 52
-337 265 193
-329 269 185
-326 294 82
-320 252 210
-314 254 170
-311 275 151
-310 258 152
-306 280 18
-303 241 159
-299 275 55
-297 227 233
-294 262 136
-290 231 146
-287 245 143
-276 242 116
-274 220 188
-273 212 241
-268 219 124
-266 217 156
-263 203 199
-257 237 31
-253 206 143
-247 206 175
-244 222 44
-239 208 129
-235 193 171
-231 214 57
-228 181 164
-227 176 195
-224 201 64
-219 177 109
-216 185 72
-212 163 180
-207 176 121
-199 165 89
-193 158 161
-191 172 45
-182 158 118
-180 133 148
-176 140 112
-173 150 63
-166 139 134
-161 141 75
-158 151 48
-154 139 82
-150 124 86
-144 143 36
-138 111 106
-135 118 101
-134 106 102
-130 154 8
-119 113 87
-103 112 49
-96 111 14
-87 101 23
-81 100 27
-72 95 38
-68 91 4
-60 87 26
-44 66 10
-43 54 11
-36 72 2
-35 60 3
-33 52 1
-32 42 0
#
