#
-412 444 4
-410 438 6
-400 434 8
-398 429 6
-396 423 8
-394 420 14
-392 415 12
-388 414 28
-380 407 28
-378 402 26
-373 395 43
-370 390 10
-363 389 11
-361 385 31
-356 377 4
-355 372 25
-342 367 62
-341 358 11
-336 355 72
-334 349 70
-327 344 81
-327 355 47
-320 342 40
-317 345 35
-314 348 16
-312 325 48
-306 335 46
-304 336 22
-303 314 57
-300 334 18
-297 306 33
-289 324 29
-288 295 42
-281 310 1
-273 293 9
-264 282 18
-262 283 2
-256 281 160
-253 272 7
-246 330 0
-244 272 148
-243 262 3
-238 258 142
-230 252 134
-226 256 126
-224 245 128
-219 254 119
-217 242 121
-213 248 113
-211 236 115
-209 245 109
-207 233 111
-203 242 107
-197 231 141
-194 216 98
-194 226 94
-192 214 96
-190 223 90
-182 204 82
-180 192 84
-177 188 81
-171 182 75
-169 224 61
-161 200 65
-160 181 104
-157 177 101
-154 195 38
-144 172 48
-136 178 40
-125 242 3
-124 160 68
-116 167 60
-110 159 54
-109 168 13
-92 148 4
-90 138 6
-86 145 2
-76 126 20
-72 133 16
-66 120 22
-56 113 52
-50 102 6
-30 92 26
#
