#
-499 449 51
-489 439 61
-488 439 40
-481 431 69
-477 419 29
-476 430 28
-468 419 82
-466 416 18
-459 401 47
-458 408 10
-454 395 6
-449 390 37
-444 385 16
-436 377 24
-433 381 15
-429 376 77
-423 371 5
-420 368 28
-419 364 67
-410 358 18
-402 351 10
-396 350 22
-392 341 0
-379 336 39
-376 339 36
-372 325 20
-361 323 51
-356 318 72
-348 310 64
-338 307 212
-332 288 174
-328 298 84
-318 284 34
-313 275 215
-309 264 151
-305 258 201
-302 255 204
-298 273 54
-293 253 167
-292 244 194
-288 250 130
-286 240 220
-283 244 185
-279 231 181
-276 228 210
-275 238 117
-270 226 236
-270 232 172
-261 220 157
-260 215 226
-258 217 160
-251 216 217
-248 207 144
-247 202 213
-242 202 176
-235 209 131
-232 206 134
-228 196 190
-226 199 122
-225 235 115
-221 197 63
-213 176 179
-205 186 79
-204 177 106
-201 186 43
-194 167 90
-185 175 59
-179 189 3
-174 155 70
-172 148 138
-167 171 9
-161 143 123
-159 135 125
-155 137 89
-149 133 83
-142 131 102
-140 141 36
-134 132 96
-124 150 2
-105 109 71
-100 120 4
-92 99 58
-80 95 14
-72 88 38
-65 89 31
-55 79 1
-44 66 10
-37 72 3
-26 64 8
#
