#
-507 450 61
-505 444 63
-494 429 74
-490 428 44
-488 422 46
-480 439 38
-477 407 57
-476 419 56
-472 414 26
-464 422 22
-459 393 39
-454 402 8
-451 398 9
-443 395 1
-441 382 21
-433 376 135
-425 371 37
-422 363 146
-416 354 118
-407 351 161
-406 358 14
-405 341 129
-398 340 100
-386 329 88
-374 348 68
-372 315 126
-370 315 128
-361 311 85
-360 305 114
-352 303 110
-350 331 70
-347 324 41
-345 299 153
-343 293 155
-334 298 112
-334 302 58
-328 297 30
-327 278 241
-326 286 50
-315 267 253
-310 256 224
-308 273 32
-307 281 31
-294 246 240
-292 242 206
-288 271 12
-284 233 250
-283 224 251
-280 231 194
-273 243 189
-271 259 29
-266 219 232
-265 210 233
-264 223 180
-262 220 200
-262 265 18
-254 215 192
-253 245 65
-249 208 195
-247 198 215
-242 196 210
-237 202 207
-231 201 145
-227 196 165
-219 190 157
-211 218 3
-204 168 172
-198 203 42
-195 167 163
-188 170 134
-188 182 92
-184 172 122
-170 169 140
-165 177 81
-149 214 23
-148 161 94
-147 156 61
-139 151 107
-131 146 77
-123 191 3
-121 132 35
-109 121 47
-106 143 20
-101 155 5
-93 105 63
-93 116 9
-86 99 24
-84 117 0
-71 101 15
-70 89 16
-59 77 27
-58 71 26
-58 84 4
-47 66 15
-43 56 11
-33 55 1
-31 50 1
#
