#
-541 454 59
-530 453 70
-524 432 42
-523 444 41
-512 435 30
-508 421 58
-493 408 11
-489 423 7
-477 397 27
-476 398 6
-464 387 102
-457 389 27
-454 382 4
-439 369 45
-435 372 15
-425 362 141
-419 357 25
-411 365 19
-407 349 13
-399 338 131
-394 338 110
-392 345 52
-384 325 216
-371 332 49
-364 308 202
-356 311 88
-353 290 211
-344 307 76
-338 268 228
-337 300 107
-333 279 137
-333 297 61
-328 297 92
-322 278 122
-319 269 151
-311 290 83
-307 244 197
-306 245 164
-306 285 34
-301 262 143
-297 253 155
-292 256 92
-290 234 180
-287 227 255
-284 229 220
-282 223 248
-281 230 139
-277 218 213
-271 240 113
-269 213 235
-268 201 236
-265 209 201
-265 227 187
-261 200 229
-258 197 226
-254 203 190
-253 216 167
-244 206 102
-238 185 206
-228 194 86
-224 181 160
-216 190 112
-216 238 70
-211 174 179
-208 163 176
-199 178 129
-196 166 132
-189 158 125
-185 171 43
-180 150 148
-171 155 101
-168 142 104
-164 181 2
-152 124 120
-143 125 79
-138 121 84
-136 141 30
-132 113 100
-130 117 98
-127 107 95
-124 132 54
-114 135 50
-111 132 57
-105 101 73
-100 119 36
-99 97 67
-87 93 55
-87 101 23
-79 86 47
-71 83 39
-64 90 32
-62 84 8
-51 70 19
-51 78 13
-43 54 11
-35 60 3
-32 42 0
#
