#
-477 451 51
-471 441 57
-463 436 65
-460 433 34
-453 418 75
-442 410 52
-439 404 89
-439 422 13
-436 400 58
-425 407 27
-423 390 3
-417 380 3
-411 373 3
-403 365 17
-403 368 5
-398 386 0
-397 358 11
-393 350 15
-385 343 35
-376 343 2
-367 332 53
-362 329 12
-361 325 47
-350 322 28
-349 320 71
-344 316 34
-338 312 24
-330 311 48
-324 307 10
-318 297 4
-313 283 107
-309 281 111
-303 274 105
-302 294 96
-295 271 125
-286 267 88
-284 263 78
-280 261 82
-274 256 134
-271 276 43
-270 249 150
-266 256 68
-260 246 62
-254 239 166
-248 232 160
-247 236 127
-239 243 41
-231 228 91
-227 224 107
-225 219 137
-222 213 140
-221 215 101
-219 226 49
-213 225 15
-212 203 162
-210 194 170
-206 197 156
-203 199 131
-201 204 81
-195 200 113
-194 205 74
-185 193 97
-181 176 141
-174 194 54
-166 171 116
-162 188 90
-161 156 121
-161 168 109
-158 183 70
-155 177 73
-149 207 21
-139 175 31
-134 146 94
-133 165 37
-124 166 16
-119 158 79
-114 154 6
-105 148 65
-98 143 10
-95 137 13
-90 128 18
-89 127 7
-80 126 40
-72 122 16
-69 116 13
-64 107 8
-59 118 3
-54 96 2
-51 106 1
-48 85 8
-45 94 5
#
