#
-513 450 31
-502 440 20
-496 432 14
-495 426 13
-484 412 2
-483 411 1
-472 394 10
-463 388 19
-458 380 4
-454 380 28
-446 373 36
-445 408 1
-439 364 23
-436 365 8
-428 359 54
-428 363 18
-421 350 5
-412 348 32
-404 342 24
-398 343 18
-394 333 22
-387 328 39
-377 319 3
-371 312 91
-365 316 85
-348 302 68
-339 296 59
-335 287 127
-327 277 47
-326 293 46
-318 275 110
-311 283 37
-309 266 101
-304 262 240
-304 264 24
-297 255 211
-293 252 229
-286 238 222
-286 241 200
-277 233 245
-270 220 238
-265 226 161
-262 249 154
-256 214 192
-251 212 165
-249 228 79
-247 188 215
-246 194 182
-239 205 135
-238 182 206
-232 200 142
-231 190 167
-230 188 144
-226 249 18
-224 177 192
-221 167 189
-215 196 129
-213 177 149
-207 167 175
-206 182 120
-203 153 171
-196 157 132
-184 206 88
-183 199 97
-180 139 148
-174 201 70
-172 182 108
-169 147 105
-159 191 11
-154 171 90
-153 129 121
-152 175 56
-147 172 83
-144 180 48
-136 157 72
-128 161 64
-128 163 42
-117 139 53
-108 159 0
-101 121 69
-100 128 4
-91 111 5
-90 104 58
-86 104 22
-80 94 16
-70 86 38
-64 76 32
-60 83 4
-44 65 12
-36 59 4
-22 54 10
#
