#
-506 451 26
-493 438 13
-491 438 11
-487 440 7
-480 426 0
-476 416 30
-470 404 24
-459 403 21
-456 406 10
-452 394 6
-442 381 4
-434 380 24
-432 376 62
-427 367 41
-420 369 26
-419 363 49
-412 357 26
-404 353 34
-398 350 12
-390 342 56
-378 336 8
-371 333 15
-355 322 31
-352 314 18
-343 307 27
-342 300 44
-328 296 42
-322 300 12
-319 286 51
-310 294 46
-306 273 188
-296 270 210
-293 260 175
-290 275 172
-288 263 170
-280 274 90
-278 250 160
-277 245 191
-272 247 186
-266 228 202
-261 230 197
-252 233 134
-245 252 125
-244 216 180
-239 229 131
-237 214 205
-236 217 150
-235 202 203
-226 211 108
-225 200 161
-222 221 104
-215 238 95
-213 208 157
-213 234 95
-210 195 124
-209 185 177
-202 193 84
-201 185 169
-195 205 77
-193 183 75
-186 177 100
-183 163 151
-181 160 117
-177 174 91
-174 156 142
-160 233 72
-159 145 127
-154 171 36
-149 167 41
-138 156 52
-137 135 105
-132 162 14
-127 139 63
-119 149 1
-114 147 32
-111 123 79
-106 130 66
-106 140 54
-105 129 41
-97 122 11
-92 116 28
-89 113 57
-85 102 21
-78 110 14
-71 100 15
-60 83 4
-54 96 2
-42 73 10
-41 67 9
-36 62 4
-25 55 7
#
