#
-500 454 46
-491 451 37
-482 440 28
-477 421 23
-474 431 20
-467 415 13
-464 411 36
-461 422 7
-459 407 5
-451 399 3
-438 388 10
-428 388 26
-421 378 27
-419 385 9
-413 368 87
-403 367 25
-402 372 8
-397 366 3
-390 358 64
-387 346 61
-378 332 102
-374 356 26
-369 328 93
-365 322 89
-362 320 86
-360 335 34
-357 315 143
-351 311 129
-347 310 71
-343 311 67
-340 298 160
-339 304 117
-337 325 11
-334 298 154
-333 293 121
-321 282 225
-317 282 137
-316 289 94
-309 283 95
-305 263 241
-302 273 152
-298 249 202
-296 271 82
-293 253 169
-289 245 257
-286 260 162
-282 231 218
-279 239 183
-275 233 179
-272 227 176
-266 213 234
-260 213 228
-259 223 195
-256 208 192
-253 217 157
-252 239 96
-247 202 215
-244 201 212
-240 244 64
-237 205 141
-227 283 47
-219 210 39
-218 180 186
-211 184 147
-210 188 146
-205 169 173
-200 175 104
-185 196 89
-182 259 32
-178 197 42
-171 159 139
-168 141 136
-158 158 62
-155 151 59
-145 125 113
-139 133 75
-138 161 42
-134 147 38
-123 117 91
-118 129 54
-110 146 14
-106 125 74
-102 111 70
-94 108 30
-80 94 16
-70 119 14
-64 104 8
-60 83 4
-52 77 12
-44 65 12
-36 59 4
-32 42 0
#
