#
-2735 10567 119
-2713 10525 141
-2694 10389 160
-2682 10479 150
-2679 10319 175
-2668 10361 160
-2655 10308 104
-2600 10150 112
-2559 10107 112
-2522 9914 211
-2461 9486 193
-2450 9133 404
-2445 9476 193
-2420 9646 168
-2396 9504 150
-2359 8998 453
-2317 8724 389
-2291 9256 126
-2265 8844 168
-2215 8404 404
-2143 8016 356
-2083 7945 334
-2064 8159 315
-2036 7848 307
-2012 8273 185
-2004 7347 520
-1990 7325 508
-1944 7167 483
-1938 7158 483
-1871 7590 413
-1824 6990 280
-1802 6980 280
-1770 6729 460
-1726 6546 420
-1716 6226 442
-1690 6893 400
-1686 6135 472
-1668 6292 435
-1649 5705 509
-1642 6521 428
-1624 6431 412
-1617 5790 408
-1571 5585 489
-1563 5441 497
-1533 6022 385
-1529 5952 356
-1518 5727 371
-1461 5228 460
-1406 5279 447
-1378 5060 463
-1345 4547 482
-1300 4356 505
-1269 4682 441
-1244 4905 353
-1222 4773 363
-1199 4615 413
-1194 4028 431
-1155 3920 337
-1072 3794 477
-1049 3483 505
-1043 3633 391
-991 2978 487
-974 2896 493
-946 3342 342
-909 3219 342
-901 3069 397
-849 2831 327
-826 2430 297
-736 2746 240
-708 2209 269
-702 2086 228
-662 1980 234
-572 1769 291
-551 1687 300
-550 1759 291
-512 1453 250
-508 1391 251
-496 1595 220
-396 1202 261
-361 1284 227
-341 977 246
-329 1326 205
-323 1118 238
-304 1957 81
-263 747 104
-238 916 82
-219 832 54
-218 773 55
-208 701 67
-195 658 36
-190 945 33
-182 738 20
-142 517 12
-124 631 1
-103 361 18
#
