#
-1430 9503 74
-1413 9198 74
-1406 9270 69
-1389 8964 69
-1364 8620 74
-1355 8942 69
-1340 8386 63
-1323 8081 63
-1288 7962 107
-1287 7645 54
-1270 7340 50
-1244 7316 42
-1234 7298 86
-1222 7079 88
-1216 7256 46
-1206 6958 85
-1189 6652 73
-1170 6546 92
-1141 6392 80
-1134 6422 68
-1115 6321 68
-1097 6130 186
-1065 5987 218
-1057 6050 79
-1052 6222 31
-1042 5900 186
-1026 5661 234
-1023 5799 186
-1023 6063 38
-1007 5381 205
-987 5432 149
-970 5365 166
-952 5156 200
-946 5310 161
-923 5261 161
-911 5444 139
-901 5144 148
-884 4840 139
-864 5341 136
-850 4752 181
-836 4211 205
-819 4114 181
-812 4589 173
-806 4450 163
-781 3981 173
-771 4355 166
-760 4393 153
-751 3918 144
-734 3831 218
-708 3783 203
-699 3538 171
-675 3276 210
-652 3345 178
-622 3854 151
-609 3649 115
-604 3483 168
-586 3003 210
-576 2954 210
-564 2755 155
-535 2643 130
-521 2617 195
-506 3121 115
-504 2454 222
-502 2562 178
-483 2495 126
-464 2316 178
-461 2274 159
-443 2267 117
-424 1895 130
-404 2235 118
-380 1819 222
-380 1967 126
-367 2056 111
-366 1788 137
-359 1836 103
-346 1675 115
-323 1518 190
-311 1636 96
-296 1422 121
-294 1312 142
-274 1468 100
-263 1541 33
-259 1210 142
-231 1203 10
-209 1264 4
-194 1036 23
-193 929 60
-192 1054 16
-179 880 44
-170 654 37
-162 784 29
-145 573 28
#
