#
-3251 11375 123
-3242 11355 114
-3208 11309 133
-3148 11270 97
-3124 11207 106
-3080 11093 112
-3052 11083 106
-2979 11073 224
-2926 10691 167
-2899 10866 78
-2876 10848 83
-2873 11011 70
-2847 9797 527
-2804 10439 234
-2792 10411 234
-2755 9788 374
-2705 10229 187
-2656 10078 330
-2621 10022 343
-2578 9394 490
-2561 9929 320
-2557 9260 534
-2509 9783 330
-2508 9098 305
-2494 9599 282
-2480 9045 312
-2447 9705 269
-2389 8729 506
-2334 8073 545
-2317 8628 543
-2213 8950 315
-2187 8489 262
-2171 8687 260
-2161 8346 250
-2133 8267 542
-2130 7587 559
-2120 8025 486
-2099 7655 456
-2069 7475 556
-2000 7445 507
-1984 7255 451
-1970 7103 496
-1968 6777 490
-1950 7224 457
-1893 6592 541
-1820 6414 548
-1820 6456 518
-1803 6390 548
-1741 6773 391
-1707 6322 482
-1616 6189 462
-1605 6002 462
-1573 5721 479
-1555 5881 474
-1531 5478 502
-1509 5378 447
-1450 5221 572
-1380 4982 556
-1334 4749 454
-1292 5322 423
-1286 5098 386
-1266 4603 429
-1189 4938 395
-1174 4014 454
-1129 4838 423
-1037 4831 409
-979 3881 432
-976 4168 392
-949 4410 360
-934 4399 345
-896 3207 408
-895 3562 297
-895 3618 293
-827 3429 271
-811 2956 437
-784 2842 383
-761 2717 383
-723 3719 188
-701 2204 569
-692 3331 217
-659 2540 264
-657 2180 346
-589 3170 176
-542 1995 168
-542 2298 154
-483 1803 346
-453 1517 193
-415 2069 7
-408 1607 0
-367 1420 41
-340 1194 201
-322 920 210
-276 1299 160
-275 1096 59
-187 623 50
-170 666 33
-170 846 15
-141 434 13
-124 358 21
#
