#
-1749 10126 91
-1734 10084 91
-1730 9688 91
-1715 9645 91
-1676 9436 108
-1657 9066 115
-1652 9017 107
-1617 8952 123
-1606 8928 112
-1592 8181 227
-1578 8665 142
-1564 7836 208
-1551 7795 217
-1550 8304 123
-1521 8272 135
-1506 7557 207
-1497 7543 216
-1482 8062 135
-1446 6905 193
-1420 7292 43
-1381 6840 216
-1380 6712 233
-1348 6219 277
-1341 7063 65
-1316 6149 316
-1307 6791 156
-1284 6138 316
-1264 5859 152
-1249 5358 263
-1238 5755 127
-1204 5315 300
-1182 5037 301
-1155 5536 131
-1139 4947 286
-1127 5003 267
-1117 4926 308
-1104 4830 313
-1091 4579 223
-1069 4301 203
-1047 4285 225
-1018 3826 309
-994 3781 304
-978 4809 197
-968 4035 206
-961 3754 275
-946 3702 282
-928 3590 294
-923 3882 171
-902 3192 268
-875 3068 203
-841 2972 229
-779 2751 196
-768 2682 189
-756 2855 181
-735 2644 241
-726 2568 250
-717 2554 250
-714 2767 178
-686 2295 211
-675 2505 203
-644 2385 175
-635 2055 196
-607 1994 173
-587 2144 163
-546 1849 257
-540 1969 241
-516 1580 218
-516 1673 215
-502 1537 221
-470 1731 165
-455 1357 161
-433 1476 154
-423 1326 121
-383 1222 139
-375 1387 101
-362 1319 105
-304 1273 123
-298 1077 84
-297 984 101
-275 883 96
-272 970 59
-263 931 67
-258 745 76
-231 646 111
-214 913 1
-210 814 45
-197 582 38
-186 693 16
-165 622 27
-160 557 27
-139 434 19
-112 370 18
#
