#
-4069 11437 113
-4064 11425 118
-4012 11285 103
-3983 11255 89
-3864 11088 222
-3856 11222 149
-3851 11071 222
-3776 10933 275
-3750 10900 301
-3666 10830 176
-3656 10814 186
-3621 10750 288
-3567 10662 172
-3559 10569 586
-3462 10503 320
-3434 10050 586
-3389 9378 683
-3378 10308 426
-3345 9917 674
-3301 10015 650
-3286 10366 244
-3204 10002 402
-3187 9977 414
-3140 9222 712
-3104 9272 599
-3050 9599 376
-3001 9005 688
-2974 8916 599
-2889 8864 643
-2811 8867 632
-2790 7824 717
-2737 9168 574
-2710 8472 674
-2693 8307 559
-2637 8179 605
-2558 9011 441
-2505 8674 515
-2473 8661 515
-2470 8506 385
-2442 7685 724
-2349 7456 608
-2316 7547 594
-2282 8012 483
-2263 7167 685
-2193 7005 649
-2183 7333 521
-2141 6350 700
-2140 6808 623
-2075 6457 624
-2061 6088 649
-1997 7305 535
-1943 6661 615
-1870 6064 594
-1815 6011 623
-1755 5888 621
-1693 5752 581
-1687 5986 498
-1615 5488 533
-1554 4992 623
-1543 5173 618
-1469 5293 461
-1451 4732 623
-1386 6220 432
-1281 4459 453
-1237 4427 613
-1210 4215 450
-1159 4789 367
-1120 3924 626
-1084 5702 343
-1083 4925 354
-1080 3609 485
-1020 5150 332
-951 2753 697
-944 3097 552
-920 4136 439
-890 3271 537
-805 4248 325
-744 3922 324
-719 2217 475
-690 2156 570
-634 1999 436
-577 2494 314
-552 1846 414
-532 2027 280
-470 1731 313
-454 1420 256
-445 1660 209
-425 1374 209
-399 1399 147
-353 1535 137
-303 1280 73
-261 846 63
-256 1292 60
-239 1165 44
-216 624 0
-201 567 15
-165 490 27
-112 342 18
#
