#
-3981 11505 384
-3948 11457 417
-3831 11212 416
-3803 11232 349
-3693 11181 370
-3630 10717 565
-3592 11018 392
-3590 10265 626
-3538 10593 370
-3483 10481 387
-3419 9682 719
-3390 9982 518
-3364 10915 323
-3335 10877 345
-3271 10825 308
-3254 10291 445
-3194 9343 714
-3189 10045 491
-3167 8989 551
-3112 8881 568
-3035 9395 524
-2964 8854 547
-2917 9510 367
-2879 8159 691
-2865 9259 403
-2803 8715 498
-2768 7551 703
-2751 7627 693
-2650 8407 579
-2629 9699 320
-2599 8414 539
-2551 8339 649
-2473 8249 489
-2463 7871 559
-2365 7182 647
-2274 8816 467
-2269 9162 454
-2253 7635 545
-2212 7274 586
-2207 6775 642
-2131 6133 699
-2088 6498 647
-2036 7214 594
-1918 6099 623
-1886 5857 656
-1877 5835 665
-1862 6358 613
-1839 7136 598
-1797 5535 631
-1764 6847 519
-1690 7350 451
-1638 7003 503
-1623 5080 607
-1570 4972 647
-1544 4685 681
-1492 6245 451
-1417 5745 498
-1374 5372 534
-1342 4624 691
-1330 5237 430
-1300 3932 631
-1240 5965 413
-1196 4778 481
-1115 3724 651
-1115 4343 481
-1105 3554 607
-1089 4939 373
-1041 5140 265
-994 5100 277
-985 4667 293
-933 2964 625
-879 3079 508
-861 3684 481
-796 3842 253
-779 2611 431
-758 3350 300
-733 3210 298
-659 2080 514
-641 3248 218
-578 2822 270
-540 3093 201
-531 2354 355
-491 2775 164
-467 1868 194
-431 1747 315
-388 2695 178
-372 1430 149
-367 2254 109
-332 2589 100
-327 1480 135
-264 1014 135
-262 1667 83
-235 1364 56
-223 1316 67
-178 1073 31
-177 849 32
-156 707 0
-151 585 7
-129 390 10
-112 342 18
#
