#
-5086 11450 185
-4968 11342 177
-4912 11157 160
-4800 10997 142
-4777 10985 165
-4706 10788 112
-4552 10743 105
-4510 10614 584
-4419 9787 852
-4379 9619 892
-4325 10310 452
-4306 10252 469
-4279 10199 559
-4235 9431 877
-4211 10047 843
-4099 9740 852
-4094 10022 527
-4038 9208 821
-4012 9087 842
-3969 9186 802
-3926 9853 442
-3900 9706 546
-3855 9498 503
-3750 10270 405
-3703 8775 829
-3634 8731 886
-3591 7745 892
-3566 8441 867
-3517 8369 867
-3491 9170 497
-3306 8424 839
-3219 8322 678
-3151 7246 800
-3123 7864 776
-3051 8750 639
-2991 7367 728
-2953 8227 653
-2803 6679 814
-2794 6927 760
-2794 8883 519
-2705 7832 683
-2581 6077 883
-2523 7520 669
-2480 8895 403
-2389 6447 762
-2267 5542 752
-2217 8838 508
-2203 8016 655
-2145 7167 570
-1991 5065 814
-1890 5971 707
-1885 4809 857
-1828 5212 697
-1755 4706 784
-1645 5706 655
-1622 6461 420
-1568 4412 848
-1543 4632 649
-1513 5385 402
-1507 5144 621
-1370 4527 697
-1317 5366 484
-1303 5356 470
-1209 4213 612
-1175 4214 362
-1076 3202 818
-1013 2358 813
-988 3046 431
-957 5195 331
-925 3909 348
-920 4037 301
-915 3734 348
-857 2737 388
-775 2559 357
-728 2581 322
-671 3291 258
-608 2357 372
-575 2137 405
-531 2261 215
-498 1653 289
-445 1868 270
-432 2689 92
-423 1471 215
-400 1259 233
-400 1745 133
-397 1357 200
-342 2903 86
-317 1959 89
-301 1931 70
-274 1686 123
-250 715 53
-191 481 54
-185 997 24
-156 583 0
-134 266 26
#
