#
-4912 11489 142
-4865 11454 124
-4807 11432 116
-4774 11422 126
-4703 11261 149
-4638 11126 189
-4551 11101 224
-4504 11062 237
-4444 10974 193
-4418 10905 176
-4316 10660 461
-4244 10519 461
-4237 10821 423
-4200 10368 561
-4166 10075 774
-4104 10335 581
-4034 9859 830
-3952 9446 830
-3893 10038 531
-3880 10169 449
-3765 9251 787
-3709 9321 779
-3640 9659 584
-3556 8882 755
-3516 8868 827
-3505 8682 782
-3387 9372 482
-3334 8529 795
-3287 8492 779
-3249 9137 503
-3113 9004 644
-3012 7750 759
-2951 7686 757
-2916 8607 621
-2837 7601 759
-2764 7449 773
-2738 8080 721
-2677 7018 748
-2619 8381 701
-2599 6814 802
-2520 8183 621
-2519 6643 815
-2486 7312 706
-2434 7615 667
-2367 7118 722
-2320 5865 730
-2307 7888 654
-2256 6952 598
-2167 5436 841
-2155 6141 679
-2120 5815 682
-2055 6671 586
-2043 6411 598
-1918 6024 611
-1849 5763 658
-1804 4866 815
-1726 5302 597
-1681 6360 453
-1584 4321 755
-1527 5215 597
-1507 5653 579
-1495 5688 382
-1438 4639 612
-1381 5037 526
-1278 3781 736
-1233 4223 393
-1152 4972 390
-1112 3609 540
-1056 3393 477
-1022 3065 475
-988 2762 841
-952 2261 772
-881 2354 638
-834 1986 709
-806 3331 291
-793 2813 294
-770 2540 613
-673 4099 229
-616 2168 406
-569 2042 351
-530 2143 327
-510 1798 338
-483 1720 262
-478 2937 150
-462 1526 318
-434 2896 106
-429 1561 256
-340 1344 215
-300 1951 133
-286 1330 80
-270 1081 95
-259 1274 28
-234 829 65
-232 738 43
-216 599 0
-196 469 16
-134 266 26
#
