#
-3403 11173 83
-3362 11018 105
-3283 10875 111
-3252 10827 111
-3237 10583 156
-3187 10466 280
-3154 10358 293
-3082 10319 293
-3050 10199 371
-2974 10059 146
-2948 9876 502
-2884 10002 357
-2871 9836 248
-2862 9515 564
-2843 9372 569
-2757 9813 383
-2735 9184 568
-2697 9304 537
-2659 9591 381
-2615 8676 585
-2542 9018 493
-2529 8940 493
-2490 8878 399
-2460 8260 527
-2422 8776 489
-2366 8008 543
-2324 8128 501
-2290 8726 300
-2231 7524 568
-2193 8457 274
-2178 8441 274
-2101 8306 460
-2085 7099 587
-2068 7796 444
-2049 7714 463
-2027 6592 587
-1975 7398 515
-1955 7881 330
-1934 6461 524
-1860 6401 511
-1854 7652 446
-1802 7411 389
-1761 6828 413
-1753 6264 556
-1661 7175 368
-1652 5857 526
-1566 6087 435
-1475 4829 524
-1474 5341 482
-1472 5227 484
-1433 5684 475
-1427 5487 461
-1416 6076 418
-1385 5745 395
-1324 4779 555
-1231 3975 552
-1224 5156 470
-1147 4423 414
-1071 4100 407
-1039 3699 561
-1004 3493 441
-989 4894 333
-973 4642 337
-962 4462 348
-897 3230 429
-886 3129 576
-855 3243 377
-830 3933 318
-745 2849 515
-722 3409 298
-713 3791 235
-710 3798 215
-657 2371 535
-636 2534 427
-594 3088 230
-540 2612 168
-502 1995 360
-493 2225 204
-476 2077 252
-453 1842 260
-447 1643 273
-436 2174 170
-415 1775 221
-403 1567 228
-363 1612 127
-335 1409 232
-334 1526 186
-321 1483 129
-291 1424 148
-239 1104 46
-199 777 42
-196 785 10
-192 1160 0
-185 637 58
-170 606 58
-144 559 38
-129 427 23
-124 358 21
#
