#
-2111 10932 107
-2081 10017 123
-2061 9883 144
-2059 10611 116
-2052 10595 109
-2023 10300 97
-2009 9790 209
-1996 9654 209
-1971 9979 106
-1936 9177 256
-1929 9161 249
-1926 9394 246
-1916 9506 67
-1905 8858 78
-1891 8844 92
-1879 9786 55
-1835 8639 253
-1824 8384 350
-1811 8745 246
-1779 8304 204
-1777 8153 243
-1764 8764 73
-1735 8250 204
-1699 7788 243
-1690 7968 185
-1672 7455 185
-1639 7448 397
-1621 7185 246
-1597 7598 165
-1593 6681 218
-1531 6716 192
-1482 6673 376
-1479 7772 156
-1465 6667 333
-1464 6478 368
-1461 7260 156
-1439 6207 379
-1434 7085 156
-1429 6723 143
-1423 6122 337
-1386 6497 294
-1383 5998 324
-1362 5930 270
-1352 5604 347
-1310 5557 305
-1281 5471 366
-1272 5220 347
-1272 5320 285
-1256 4959 301
-1250 4788 360
-1226 4644 291
-1201 5744 279
-1142 4482 325
-1129 4236 343
-1102 4385 292
-1086 4268 291
-1058 4058 297
-1037 3850 369
-997 3726 360
-976 3378 274
-936 3245 292
-928 3242 260
-888 3147 278
-832 2810 301
-799 2635 282
-760 2898 242
-738 2604 269
-707 2287 218
-690 2239 235
-650 2069 282
-626 2069 293
-607 2404 214
-570 1688 237
-565 1653 197
-544 1864 180
-534 1607 215
-503 1544 230
-480 1418 161
-444 1321 176
-432 1362 136
-393 1121 102
-362 1075 132
-344 1560 53
-332 874 132
-332 932 65
-303 822 81
-295 1245 4
-292 1432 1
-283 1102 16
-258 729 46
-256 758 24
-224 609 46
-185 595 40
-184 720 28
-153 542 37
-103 361 18
#
