#
-934 1250 90
-923 1208 101
-908 1237 64
-890 1172 46
-888 1134 12
-869 1119 113
-867 1069 1
-847 1066 177
-844 1057 22
-826 1009 156
-821 1046 45
-803 988 133
-795 952 127
-793 1003 41
-776 941 146
-768 940 100
-752 956 82
-742 871 202
-731 842 191
-726 915 96
-713 823 209
-708 833 168
-703 905 73
-690 814 186
-671 797 205
-658 807 118
-650 755 272
-625 771 127
-620 745 302
-609 763 143
-600 731 222
-599 713 383
-587 720 83
-576 692 360
-568 702 70
-554 645 368
-542 683 164
-541 682 325
-529 674 107
-525 660 309
-520 591 402
-516 602 360
-512 599 356
-498 581 424
-490 587 378
-489 587 333
-480 570 442
-473 627 155
-470 566 352
-469 588 283
-460 558 416
-456 555 412
-454 555 298
-437 552 397
-431 539 275
-413 508 257
-402 494 266
-394 512 236
-393 497 237
-392 493 236
-386 483 282
-378 443 162
-360 424 144
-341 432 125
-338 384 202
-322 373 218
-319 397 103
-301 357 197
-297 356 81
-289 334 251
-289 354 133
-279 344 99
-263 327 159
-260 322 220
-257 297 121
-231 308 75
-221 274 157
-208 247 170
-201 245 15
-186 212 30
-172 236 14
-168 226 10
-158 208 0
-152 188 4
-130 142 26
-113 156 5
-111 121 7
-98 104 58
-90 109 46
-78 88 34
-61 81 21
-56 72 18
-41 59 3
#
