#
-923 1266 49
-914 1192 40
-901 1242 27
-892 1169 18
-874 1194 0
-863 1131 91
-848 1105 106
-844 1068 30
-823 1058 51
-812 1057 142
-807 1034 67
-793 1007 21
-778 981 36
-771 997 1
-758 946 56
-743 976 1
-740 932 74
-723 963 21
-722 877 232
-719 937 23
-700 854 210
-695 910 77
-678 861 8
-663 818 247
-645 804 265
-639 764 105
-627 739 187
-617 749 127
-609 733 119
-602 710 168
-588 681 98
-579 669 89
-554 657 64
-529 647 39
-520 622 104
-496 575 318
-492 591 278
-480 689 6
-474 565 296
-471 552 343
-461 546 353
-455 579 241
-450 529 236
-441 515 323
-429 513 385
-423 490 245
-407 454 363
-407 465 289
-405 526 129
-405 528 85
-398 467 270
-394 459 350
-385 469 257
-377 496 57
-370 420 326
-356 429 312
-353 382 315
-349 427 305
-347 397 221
-334 374 260
-328 370 290
-321 414 193
-309 362 235
-296 362 170
-292 347 174
-276 336 158
-267 333 149
-267 442 113
-255 323 211
-251 367 115
-239 313 195
-230 313 186
-227 309 153
-220 312 146
-215 353 105
-205 299 161
-197 252 123
-182 239 138
-175 262 39
-166 217 48
-148 191 30
-138 226 20
-123 168 5
-101 157 27
-82 98 44
-71 126 3
-63 88 55
-56 113 12
-41 59 3
#
