#
-1078 1242 44
-1068 1189 54
-1046 1174 76
-1036 1220 32
-1031 1163 91
-1023 1134 11
-1013 1080 1
-991 1066 21
-981 1026 33
-959 1011 11
-946 998 2
-929 950 85
-917 985 31
-908 936 106
-892 921 122
-878 903 66
-856 888 44
-851 891 39
-826 881 144
-816 862 84
-799 837 223
-797 810 81
-793 850 61
-780 755 64
-778 795 62
-764 736 48
-749 734 133
-730 713 114
-716 716 0
-708 706 62
-693 683 77
-689 691 43
-674 667 58
-666 673 50
-638 629 244
-628 619 216
-624 644 92
-607 605 195
-600 597 244
-584 578 228
-563 568 207
-547 595 135
-542 566 174
-528 540 484
-519 542 163
-519 556 81
-515 523 403
-506 547 150
-498 532 142
-493 493 351
-477 473 335
-471 473 411
-463 430 381
-458 458 354
-456 463 314
-444 410 400
-442 416 360
-437 448 295
-429 453 287
-428 390 384
-418 432 314
-410 437 306
-404 383 366
-399 443 257
-395 415 321
-380 370 336
-363 355 319
-356 378 274
-344 335 300
-329 513 201
-325 361 251
-322 341 278
-308 352 270
-303 320 259
-299 395 231
-288 330 244
-267 311 89
-265 289 147
-256 277 138
-255 289 137
-237 267 119
-219 254 175
-214 376 86
-200 244 156
-195 251 121
-170 246 132
-164 232 120
-159 212 41
-140 195 2
-125 174 7
-108 150 70
-108 152 34
-93 137 25
-71 122 27
-69 99 5
-59 70 15
-41 59 3
#
