#
-1184 1264 62
-1168 1250 78
-1153 1235 93
-1123 1208 123
-1121 1138 1
-1099 1125 23
-1090 1190 0
-1084 1109 38
-1060 1082 60
-1053 1080 7
-1038 1069 38
-1034 1055 86
-1013 1042 107
-997 1026 49
-976 1012 70
-975 1013 27
-959 979 87
-949 966 171
-932 990 68
-916 938 204
-902 933 220
-879 909 167
-871 904 189
-860 887 178
-851 918 31
-837 869 239
-822 908 2
-794 836 112
-767 835 97
-765 813 357
-749 799 341
-738 781 508
-727 756 519
-709 761 351
-704 757 296
-697 733 15
-675 656 445
-658 644 428
-657 645 427
-657 717 249
-649 666 401
-642 618 434
-640 676 42
-633 587 453
-625 666 377
-608 591 442
-605 564 515
-593 552 457
-588 550 488
-575 540 475
-564 593 118
-553 527 453
-552 519 498
-544 576 138
-536 538 328
-515 553 285
-500 484 364
-482 471 382
-478 470 342
-468 474 332
-463 451 419
-454 443 410
-445 426 237
-425 414 259
-410 375 274
-409 371 273
-399 511 155
-391 358 291
-377 446 29
-368 337 314
-363 330 319
-360 425 194
-358 410 128
-345 345 209
-319 331 89
-308 306 100
-294 274 114
-277 434 47
-274 295 66
-254 238 154
-236 267 70
-229 215 129
-203 215 103
-201 188 157
-175 504 1
-156 253 20
-149 234 81
-144 191 54
-126 152 82
-115 184 11
-91 133 17
-87 97 13
-60 111 6
-55 82 19
-49 63 5
-41 59 3
#
