#
-1344 1265 110
-1321 1253 133
-1304 1238 150
-1289 1227 135
-1273 1210 151
-1254 1205 200
-1240 1217 86
-1213 1185 59
-1202 1157 234
-1194 1126 40
-1173 1115 61
-1154 1099 0
-1115 1070 39
-1113 1061 41
-1092 1051 20
-1081 1044 73
-1059 1032 95
-1055 1007 67
-1040 996 114
-1024 978 98
-1001 964 53
-976 958 12
-966 935 188
-950 917 172
-935 904 299
-925 890 229
-919 883 203
-909 872 213
-886 862 236
-868 773 556
-867 827 519
-853 763 541
-845 763 533
-837 818 489
-832 730 622
-817 727 607
-814 716 598
-805 707 589
-797 707 581
-794 702 630
-792 730 480
-782 808 336
-779 692 615
-777 707 561
-770 796 352
-762 679 662
-752 680 642
-747 784 375
-733 645 421
-714 762 408
-712 634 400
-703 630 391
-697 744 21
-685 589 469
-668 603 222
-659 574 495
-650 571 338
-635 576 313
-633 570 285
-630 543 318
-620 568 298
-619 541 307
-602 514 386
-598 530 180
-582 486 366
-571 485 355
-548 497 102
-524 447 212
-504 462 132
-498 441 460
-493 423 455
-476 390 260
-454 415 142
-446 376 230
-431 372 221
-426 367 210
-403 353 293
-389 350 381
-385 337 311
-368 326 324
-331 316 115
-317 294 101
-297 282 253
-291 324 31
-261 269 45
-231 228 187
-208 217 164
-193 256 155
-178 178 134
-156 204 54
-153 138 109
-145 135 71
-130 122 86
-118 125 44
-98 111 54
-81 97 37
-69 240 1
-59 70 15
-41 59 3
#
