#
-1175 1232 17
-1138 1221 20
-1128 1203 30
-1099 1149 59
-1095 1176 3
-1081 1130 77
-1079 1097 23
-1062 1059 60
-1040 1046 82
-1038 1007 2
-1021 994 19
-983 948 139
-980 960 22
-960 929 162
-958 929 46
-958 939 28
-950 926 172
-942 884 98
-924 865 80
-901 846 103
-901 849 57
-875 835 77
-868 826 90
-849 817 155
-848 821 104
-815 806 189
-808 796 36
-785 777 13
-768 764 30
-750 759 28
-735 734 301
-727 712 329
-717 718 319
-696 709 262
-674 705 284
-662 658 324
-658 637 344
-648 670 310
-639 611 205
-621 595 223
-616 592 182
-598 576 200
-579 527 265
-573 754 153
-568 554 230
-561 641 65
-550 500 282
-543 564 109
-541 540 203
-529 496 315
-514 530 230
-500 543 66
-498 482 280
-481 414 363
-480 425 352
-477 492 89
-475 458 303
-458 395 340
-454 448 240
-440 458 126
-426 379 372
-425 425 275
-411 368 367
-406 366 288
-391 433 249
-378 354 334
-374 403 252
-354 423 212
-342 472 92
-335 333 291
-326 357 240
-307 389 189
-291 444 149
-265 345 49
-259 298 185
-243 322 71
-236 273 162
-221 260 177
-208 223 52
-194 206 120
-186 212 74
-176 195 138
-171 194 97
-166 183 48
-152 181 108
-137 139 19
-137 172 1
-118 121 0
-109 107 9
-87 97 13
-64 76 10
-59 70 15
-41 59 3
#
