#
-620 1162 4
-593 1148 23
-587 1124 37
-580 1076 44
-572 956 52
-561 1028 41
-560 1111 10
-553 1062 17
-545 942 25
-535 1092 1
-530 1043 6
-527 972 7
-510 920 60
-504 893 120
-494 853 16
-479 840 31
-466 796 54
-461 799 49
-451 772 119
-449 816 1
-440 781 70
-428 752 96
-421 750 149
-420 728 100
-410 739 78
-410 757 40
-405 680 73
-390 667 58
-384 649 240
-377 647 247
-377 717 7
-372 626 40
-371 589 253
-352 666 32
-351 609 19
-334 566 290
-319 549 201
-315 553 163
-314 551 196
-311 544 167
-307 512 213
-304 542 174
-298 484 180
-296 531 152
-292 476 228
-289 529 159
-287 479 223
-283 470 165
-282 499 130
-278 490 134
-275 453 235
-271 488 141
-265 430 147
-257 472 113
-244 412 126
-232 421 88
-228 406 184
-225 379 107
-219 361 101
-213 342 119
-213 387 59
-202 351 84
-198 306 134
-186 280 146
-183 320 89
-177 377 23
-165 325 35
-160 291 66
-156 258 116
-145 255 81
-136 213 18
-124 241 6
-119 205 25
-118 182 0
-108 178 44
-106 145 12
-93 137 25
-91 109 27
-66 143 2
-56 113 12
-54 86 10
-42 60 2
#
