#
-805 1182 57
-794 1152 26
-784 1115 36
-773 1091 47
-767 1140 1
-757 1103 9
-738 1071 82
-724 1044 44
-714 1007 34
-703 983 23
-689 1023 9
-687 962 39
-670 955 150
-657 906 91
-652 942 4
-646 882 80
-632 923 66
-611 862 45
-600 847 80
-584 826 64
-579 826 59
-574 806 174
-563 782 163
-558 815 90
-537 764 137
-528 737 292
-514 733 348
-513 711 307
-509 677 311
-503 719 17
-493 666 327
-484 652 336
-475 660 205
-462 605 358
-460 646 60
-451 584 369
-443 603 237
-439 569 241
-427 582 221
-423 558 257
-418 559 148
-414 544 266
-408 509 272
-402 622 66
-398 523 250
-392 487 256
-381 476 299
-378 532 108
-372 477 276
-366 457 200
-362 456 318
-357 443 209
-346 435 302
-346 475 140
-338 426 190
-335 397 231
-326 430 160
-319 396 183
-317 416 169
-316 380 212
-310 462 104
-295 369 191
-283 341 245
-274 342 126
-268 307 132
-267 356 69
-242 330 94
-236 295 100
-232 284 168
-220 284 116
-219 257 181
-200 272 136
-187 251 143
-176 236 10
-167 222 19
-161 186 25
-157 355 9
-145 175 41
-133 168 15
-127 132 9
-113 156 5
-112 155 0
-111 121 7
-93 118 11
-89 111 15
-74 109 34
-73 106 9
-59 70 15
-54 86 10
-41 59 3
#
