#
-1396 1249 134
-1377 1228 115
-1374 1239 112
-1352 1213 126
-1337 1223 111
-1325 1200 99
-1298 1216 36
-1290 1190 64
-1274 1175 204
-1272 1154 46
-1257 1144 31
-1221 1122 257
-1213 1133 55
-1206 1132 242
-1175 1088 211
-1163 1073 199
-1154 1123 164
-1144 1065 242
-1137 1041 181
-1112 1030 156
-1088 1017 232
-1073 969 457
-1055 940 475
-1053 1007 89
-1035 928 495
-1032 958 416
-1026 919 454
-1024 975 118
-998 897 426
-974 943 358
-963 897 337
-952 878 336
-951 857 411
-930 847 390
-925 837 393
-907 915 141
-902 823 370
-902 882 286
-890 901 124
-880 809 308
-857 795 285
-832 829 216
-822 782 250
-819 769 629
-810 777 238
-787 762 261
-776 710 586
-765 704 503
-761 677 643
-744 737 482
-730 745 104
-727 683 627
-712 625 638
-704 672 568
-694 587 594
-686 662 586
-660 615 532
-656 576 556
-651 565 607
-641 565 541
-616 605 526
-613 646 351
-593 520 549
-586 607 316
-568 526 530
-558 508 514
-546 502 502
-519 556 445
-518 553 400
-496 698 84
-488 515 346
-475 510 431
-471 468 155
-454 461 380
-439 448 395
-423 433 149
-402 422 130
-389 542 127
-385 419 123
-372 389 254
-350 379 276
-345 354 227
-325 340 207
-308 331 264
-290 325 172
-281 401 145
-266 304 222
-231 284 41
-205 268 15
-183 256 7
-160 242 16
-156 162 118
-137 149 93
-132 192 58
-127 207 9
-121 145 21
-118 121 0
-91 109 27
-41 59 3
#
