#
-1024 1263 90
-1015 1200 81
-1002 1241 68
-995 1190 101
-993 1178 59
-970 1155 36
-961 1145 45
-950 1145 56
-938 1124 158
-933 1064 1
-913 1054 19
-906 1052 26
-890 1041 44
-873 993 61
-862 1023 26
-847 970 85
-834 977 54
-809 950 3
-796 916 16
-784 862 312
-781 905 31
-769 852 327
-763 847 333
-762 889 50
-759 906 21
-747 829 305
-739 817 267
-737 811 359
-726 787 206
-702 726 230
-697 769 191
-665 705 223
-661 883 145
-642 655 170
-627 644 185
-608 630 204
-590 615 298
-588 687 82
-579 614 353
-568 589 244
-552 554 260
-531 596 139
-527 544 285
-520 600 116
-507 521 381
-477 499 411
-474 490 414
-468 758 38
-463 497 275
-445 439 401
-439 438 373
-436 429 376
-425 393 387
-413 506 103
-405 431 367
-391 380 347
-390 674 40
-379 465 257
-374 445 262
-365 409 305
-357 370 313
-355 373 281
-352 440 164
-340 360 296
-317 347 199
-312 397 194
-295 344 177
-286 583 42
-280 323 236
-277 342 165
-266 570 22
-265 446 147
-255 324 217
-252 315 140
-248 292 130
-239 272 121
-230 391 94
-214 262 96
-210 379 70
-202 249 158
-178 217 60
-155 283 33
-131 187 57
-127 216 9
-113 223 1
-112 155 0
-93 137 25
-89 119 29
-78 88 34
-78 90 4
-41 59 3
#
