#
-1954 2401 83
-1935 2390 102
-1929 2374 96
-1905 2360 120
-1876 2348 31
-1866 2331 41
-1845 2313 62
-1795 2285 60
-1780 2275 55
-1779 2228 27
-1756 2215 50
-1737 2162 117
-1691 2147 167
-1671 2127 13
-1653 2126 99
-1650 2078 91
-1601 2069 138
-1593 2029 0
-1570 2012 23
-1550 1976 408
-1535 1960 490
-1509 1973 348
-1469 1973 380
-1452 1916 411
-1417 1843 400
-1399 1893 147
-1382 1743 643
-1381 1873 147
-1362 1830 602
-1343 1593 638
-1341 1766 222
-1331 1635 625
-1304 1787 105
-1271 1579 584
-1240 1542 617
-1204 1656 308
-1193 1468 624
-1160 1406 555
-1132 1378 537
-1072 1537 255
-1057 1455 536
-1055 1535 325
-1045 1354 627
-1036 1332 561
-1021 1474 389
-1004 1415 452
-979 1387 504
-968 1371 478
-959 1276 484
-920 1383 430
-904 1307 448
-888 1243 350
-881 1214 419
-834 1194 381
-820 1141 390
-815 1182 336
-813 1103 402
-768 1042 596
-744 1075 572
-728 929 608
-697 903 591
-666 1003 367
-663 1020 280
-639 842 545
-632 915 520
-599 1252 155
-587 994 287
-580 959 511
-555 742 461
-543 699 461
-522 824 439
-519 868 271
-483 745 361
-470 794 345
-461 664 367
-443 681 294
-407 596 328
-400 636 280
-376 756 187
-375 558 293
-349 651 229
-318 563 198
-304 729 132
-291 458 244
-285 452 244
-277 478 195
-261 480 179
-241 578 149
-193 518 47
-179 423 66
-171 393 66
-147 305 53
-136 218 42
-122 344 34
-107 193 25
-95 347 11
-90 129 11
-86 104 7
-61 76 20
#
