#
-2104 2400 83
-2091 2373 70
-2060 2374 68
-1995 2333 127
-1973 2302 54
-1964 2294 128
-1951 2223 29
-1917 2201 94
-1863 2171 137
-1857 2178 42
-1842 2131 41
-1838 2156 37
-1781 2110 55
-1767 2098 97
-1718 2089 229
-1712 2031 272
-1691 2006 262
-1650 1970 392
-1604 1957 385
-1560 1917 410
-1514 1865 466
-1499 1853 454
-1468 1833 428
-1418 1789 518
-1396 1700 615
-1381 1645 657
-1367 1746 312
-1353 1622 645
-1346 1688 467
-1324 1616 595
-1317 1724 208
-1294 1532 642
-1266 1571 540
-1254 1440 564
-1244 1508 554
-1210 1541 494
-1198 1387 610
-1191 1418 587
-1189 1528 525
-1176 1561 433
-1142 1362 581
-1117 1545 200
-1092 1421 519
-1050 1324 466
-1038 1437 407
-1030 1473 279
-1015 1235 534
-1014 1229 639
-977 1223 571
-945 1190 613
-924 1174 604
-904 1215 446
-895 1152 503
-870 1120 538
-837 1282 440
-828 1007 669
-797 1099 521
-784 951 572
-778 904 659
-756 876 670
-720 846 554
-691 790 579
-660 884 534
-627 1027 170
-614 857 459
-577 822 336
-563 769 486
-550 968 280
-533 745 358
-515 624 353
-506 1080 58
-486 609 382
-465 726 306
-451 696 280
-434 533 348
-422 505 381
-399 722 78
-382 661 223
-379 591 217
-363 667 114
-361 566 235
-348 530 248
-346 570 171
-337 517 296
-335 436 294
-291 462 131
-282 417 156
-256 404 130
-249 497 87
-243 415 117
-186 303 86
-183 296 104
-166 235 4
-162 234 0
-135 219 27
-131 173 31
-70 115 27
-61 76 20
#
