#
-1835 2389 76
-1791 2333 32
-1765 2323 10
-1749 2312 74
-1696 2272 57
-1669 2258 52
-1630 2247 111
-1614 2193 78
-1591 2112 231
-1584 2172 126
-1553 2103 116
-1537 2136 67
-1528 2088 155
-1517 2040 187
-1502 2029 172
-1493 2053 155
-1467 1985 133
-1441 1974 203
-1428 1940 94
-1410 1827 302
-1403 1980 65
-1372 1818 320
-1358 1806 323
-1347 1891 67
-1336 1684 550
-1318 1749 332
-1297 1663 526
-1278 1635 506
-1258 1607 540
-1240 1593 448
-1213 1674 243
-1209 1644 413
-1186 1592 457
-1169 1578 579
-1164 1720 167
-1141 1513 502
-1127 1417 483
-1125 1521 219
-1119 1492 423
-1082 1441 382
-1064 1675 144
-1038 1470 309
-1034 1664 144
-1017 1381 415
-1000 1377 464
-994 1372 407
-990 1291 346
-975 1310 309
-951 1164 396
-943 1270 364
-926 1128 371
-904 1235 302
-886 1212 284
-856 1176 297
-838 1098 283
-832 1034 277
-811 1017 298
-803 980 248
-780 962 491
-754 970 355
-743 948 213
-727 941 392
-724 914 437
-708 846 574
-692 892 557
-667 1068 156
-664 883 180
-644 805 517
-623 785 442
-596 742 469
-589 732 455
-576 812 268
-552 809 271
-533 697 404
-503 640 203
-484 534 174
-471 627 171
-442 517 193
-417 469 218
-406 470 209
-395 427 234
-381 414 254
-356 404 262
-344 402 223
-308 374 254
-300 703 120
-285 572 135
-253 537 104
-248 392 88
-207 247 100
-152 323 83
-145 577 69
-134 300 42
-127 177 80
-108 450 0
-103 327 17
-90 144 11
-74 112 27
-61 76 20
#
