#
-1525 2226 68
-1505 2211 88
-1486 2174 41
-1472 2057 88
-1469 2015 91
-1466 2159 61
-1449 2000 111
-1439 2107 64
-1434 2035 11
-1420 1983 70
-1392 1962 134
-1390 1899 45
-1381 1962 31
-1367 1842 45
-1339 1825 17
-1326 1786 66
-1296 1752 49
-1279 1741 49
-1245 1723 68
-1243 1671 70
-1215 1697 0
-1212 1578 200
-1195 1638 161
-1184 1562 172
-1176 1488 384
-1153 1543 166
-1150 1491 219
-1146 1604 155
-1127 1456 363
-1104 1461 173
-1073 1438 142
-1054 1395 429
-1042 1296 327
-1032 1420 123
-1006 1270 327
-999 1242 387
-996 1266 281
-965 1243 250
-935 1195 398
-919 1051 327
-902 1111 299
-885 1025 342
-873 1021 281
-867 1286 216
-864 1182 253
-847 1143 236
-834 994 337
-818 974 409
-812 984 359
-796 973 370
-795 959 432
-776 962 343
-774 894 448
-760 948 212
-751 937 317
-749 886 456
-727 912 341
-697 841 371
-689 785 430
-666 767 453
-649 893 228
-639 876 206
-623 743 402
-619 853 186
-592 790 285
-590 715 353
-575 786 301
-554 754 293
-552 803 237
-533 672 425
-509 623 361
-509 658 296
-494 616 379
-471 591 222
-458 590 261
-443 525 396
-437 584 260
-418 570 241
-414 556 203
-402 541 198
-392 540 256
-370 525 234
-354 499 248
-351 413 273
-332 520 131
-312 395 273
-264 448 105
-256 366 178
-250 400 121
-230 348 178
-219 300 99
-185 248 110
-174 267 54
-152 244 62
-133 181 31
-127 225 18
-112 136 37
-102 187 27
-95 128 5
-61 76 20
#
