#
-1535 2368 50
-1524 2344 50
-1500 2325 55
-1494 2277 61
-1477 2238 78
-1466 2220 78
-1433 2188 11
-1424 2202 2
-1422 2170 0
-1401 2151 43
-1398 2109 127
-1361 2094 51
-1341 1862 186
-1329 2059 27
-1311 1822 111
-1306 2041 12
-1295 1968 67
-1287 2010 31
-1279 1786 111
-1262 1746 94
-1260 1714 173
-1245 1704 158
-1224 1686 208
-1216 1653 125
-1184 1608 97
-1155 1589 122
-1149 1576 131
-1097 1543 79
-1075 1410 211
-1041 1490 192
-1035 1353 171
-1015 1493 62
-996 1331 132
-990 1314 247
-986 1299 325
-974 1217 99
-953 1181 196
-939 1170 196
-915 1427 74
-910 1356 90
-896 1121 177
-884 1102 189
-862 1102 244
-840 1112 77
-824 1039 311
-822 1076 145
-807 1011 281
-798 1047 169
-773 1055 166
-771 978 364
-740 939 333
-720 932 364
-714 924 337
-707 945 260
-694 818 267
-670 807 243
-663 910 216
-630 767 203
-612 743 324
-603 835 201
-589 712 324
-566 692 224
-551 664 238
-537 661 224
-531 627 274
-531 672 218
-518 634 205
-485 557 295
-476 570 262
-454 533 326
-447 523 319
-433 512 305
-418 511 284
-418 514 228
-409 494 269
-389 480 289
-381 458 340
-370 453 329
-336 419 289
-334 429 259
-310 375 132
-308 416 120
-297 362 83
-264 308 164
-260 347 9
-240 296 140
-208 262 40
-201 243 126
-194 266 28
-182 211 82
-182 214 48
-159 175 53
-105 138 64
-80 128 39
-61 76 20
#
