#
-1128 2242 26
-1110 2196 8
-1109 2168 41
-1098 2158 30
-1090 2141 22
-1066 2117 40
-1055 2071 59
-1047 2102 14
-1022 2033 21
-1019 2020 135
-1000 1992 116
-982 1901 117
-981 1919 116
-964 1876 186
-956 1884 127
-946 1831 168
-938 1822 94
-921 1820 168
-915 1787 235
-902 1769 73
-884 1729 230
-874 1753 101
-861 1672 98
-840 1649 222
-833 1656 122
-825 1620 62
-816 1567 334
-814 1556 336
-811 1592 160
-802 1507 316
-776 1513 209
-772 1485 344
-758 1428 312
-744 1440 173
-740 1378 321
-716 1380 51
-710 1303 283
-702 1370 51
-691 1230 264
-685 1212 305
-671 1331 33
-667 1166 287
-666 1184 286
-653 1281 100
-650 1166 340
-636 1123 305
-626 1261 109
-623 1087 243
-600 1077 266
-594 1063 272
-588 1041 278
-574 998 243
-568 1071 199
-546 938 166
-532 928 152
-517 913 195
-509 917 175
-500 791 247
-497 849 166
-470 825 152
-450 757 251
-441 817 181
-440 732 278
-423 642 170
-394 617 195
-391 695 144
-375 587 124
-363 582 201
-352 577 142
-351 568 210
-340 548 224
-326 498 75
-313 485 62
-291 453 105
-284 477 86
-255 416 5
-252 291 5
-247 349 1
-227 278 29
-223 267 25
-204 268 24
-198 253 24
-179 216 78
-170 206 54
-164 243 10
-152 192 78
-144 258 0
-112 154 33
-96 122 49
-61 76 20
#
