#
-2142 2407 82
-2097 2364 64
-2090 2357 57
-2044 2321 103
-1991 2311 110
-1971 2280 33
-1942 2251 38
-1912 2162 265
-1909 2221 17
-1860 2114 265
-1857 2187 68
-1821 2132 207
-1802 2115 226
-1785 2087 91
-1749 2049 203
-1739 2009 185
-1731 1954 377
-1715 1997 209
-1706 1923 354
-1671 1923 165
-1636 1870 281
-1606 1856 311
-1597 1839 251
-1586 1864 117
-1565 1794 329
-1529 1719 394
-1499 1696 302
-1476 1663 302
-1449 1624 676
-1428 1625 291
-1423 1768 181
-1393 1657 220
-1368 1571 692
-1366 1563 169
-1345 1526 646
-1305 1501 619
-1292 1539 138
-1256 1515 561
-1243 1428 676
-1233 1406 630
-1217 1466 562
-1200 1369 519
-1166 1482 417
-1140 1222 669
-1139 1332 630
-1115 1244 508
-1087 1193 536
-1055 1270 480
-1036 1420 227
-1015 1324 358
-993 1101 599
-985 1095 545
-967 1113 496
-954 1073 483
-947 1043 534
-927 1051 464
-909 1025 514
-868 1126 407
-858 997 387
-839 981 368
-823 955 440
-808 950 454
-800 1166 302
-765 1320 248
-750 854 640
-735 802 568
-675 918 406
-669 928 330
-658 788 487
-657 749 551
-641 859 455
-607 712 411
-577 829 372
-567 676 411
-543 664 387
-538 651 440
-524 609 319
-488 519 338
-485 602 315
-448 495 338
-431 484 338
-427 498 277
-412 462 314
-366 609 152
-325 447 129
-299 432 103
-276 414 126
-236 717 73
-214 552 91
-207 370 97
-194 329 147
-167 270 7
-156 222 0
-147 164 100
-127 188 45
-104 125 29
-86 100 39
-61 76 20
#
