#
-1513 2400 172
-1487 2384 198
-1472 2358 131
-1447 2321 156
-1424 2299 179
-1375 2248 96
-1372 2100 217
-1331 2058 176
-1327 2194 144
-1317 2223 38
-1300 2142 164
-1292 2030 297
-1280 1976 146
-1269 2171 63
-1260 1965 166
-1245 1955 181
-1234 1949 79
-1223 1898 119
-1202 1886 137
-1181 1860 45
-1156 1823 26
-1123 1807 27
-1098 1622 435
-1075 1793 128
-1058 1806 107
-1053 1744 93
-1051 1592 402
-1036 1547 435
-1036 1552 429
-1005 1729 128
-974 1342 476
-973 1700 96
-967 1451 440
-953 1603 342
-936 1665 246
-928 1484 99
-920 1238 422
-908 1288 362
-903 1474 124
-884 1240 360
-867 1207 387
-860 1174 394
-842 1158 320
-839 1465 258
-833 1354 194
-822 1332 205
-816 1315 191
-792 1277 207
-789 1085 373
-762 1149 254
-742 1113 251
-708 1054 319
-678 1198 215
-666 1028 227
-651 985 447
-645 977 467
-634 904 406
-619 961 274
-601 947 373
-587 828 459
-574 791 458
-569 833 332
-565 808 439
-551 1402 70
-535 1369 70
-529 1069 48
-510 876 292
-505 729 303
-498 684 270
-489 668 315
-485 926 114
-479 857 264
-475 648 309
-465 647 331
-446 692 236
-433 598 347
-421 906 153
-401 596 239
-390 565 280
-390 619 220
-377 780 140
-341 508 267
-328 1023 84
-317 558 89
-294 517 127
-239 422 133
-228 390 0
-216 373 12
-200 340 28
-177 277 35
-173 276 16
-165 214 59
-143 241 39
-124 164 53
-107 230 36
-101 194 52
-85 129 44
-77 93 6
-61 76 20
#
