#
-1395 2249 59
-1370 2227 34
-1361 2188 83
-1347 2062 97
-1341 2170 49
-1329 2041 115
-1310 2156 34
-1300 2106 24
-1299 2028 145
-1284 1990 70
-1268 1959 56
-1266 1967 38
-1256 2074 2
-1223 1919 167
-1217 1935 27
-1198 1887 156
-1174 1804 270
-1169 1856 149
-1159 1829 195
-1152 1775 292
-1150 1820 188
-1133 1764 311
-1085 1711 209
-1075 1690 193
-1071 1671 233
-1064 1650 390
-1048 1665 231
-1036 1623 418
-1023 1594 421
-1016 1464 390
-992 1567 372
-985 1539 345
-971 1442 345
-958 1407 415
-949 1431 323
-913 1356 370
-910 1335 340
-880 1304 357
-865 1284 433
-850 1259 400
-820 1224 417
-811 1244 364
-794 1144 417
-787 1210 354
-763 1117 448
-760 1095 329
-740 1073 309
-733 1069 478
-724 1064 387
-714 1058 478
-713 1040 336
-696 1040 447
-680 1008 431
-669 1007 433
-660 987 411
-653 951 370
-638 898 293
-621 891 492
-615 833 304
-594 820 325
-572 797 347
-568 784 257
-557 773 351
-532 772 249
-524 735 318
-519 737 278
-505 739 251
-490 695 221
-484 677 216
-472 651 161
-445 622 177
-442 576 131
-421 562 152
-414 543 148
-393 517 125
-374 503 106
-349 493 131
-342 492 203
-323 459 222
-316 432 186
-297 371 25
-276 357 32
-258 351 0
-251 339 7
-240 333 68
-220 267 88
-202 292 29
-195 256 91
-171 252 58
-162 229 63
-138 159 91
-134 208 36
-118 173 77
-116 146 75
-91 124 44
-85 118 44
-61 76 20
#
