#
-903 1988 33
-883 1941 27
-866 1886 43
-865 1926 32
-846 1839 23
-830 1789 79
-828 1824 10
-812 1749 97
-792 1702 77
-792 1727 46
-774 1687 64
-769 1670 100
-751 1655 87
-746 1627 123
-729 1605 140
-724 1572 212
-706 1533 203
-704 1526 206
-686 1487 183
-683 1492 96
-668 1471 170
-653 1329 257
-639 1367 230
-633 1301 277
-615 1415 218
-606 1305 253
-597 1350 236
-590 1254 192
-580 1130 243
-574 1152 231
-574 1177 213
-562 1090 243
-545 1211 170
-544 1074 225
-536 1073 251
-527 1118 212
-521 1042 225
-501 1075 133
-487 1013 208
-483 1034 115
-480 998 250
-476 921 263
-460 1002 92
-456 894 283
-451 916 172
-444 900 154
-439 854 184
-433 852 186
-412 810 186
-403 752 249
-392 779 149
-386 763 120
-378 754 163
-375 739 120
-374 701 265
-370 730 263
-366 795 51
-365 683 247
-348 659 269
-330 644 251
-326 622 113
-315 598 102
-288 563 210
-280 541 90
-274 488 156
-268 479 102
-262 476 108
-244 558 80
-229 454 122
-224 421 135
-213 397 124
-207 383 128
-193 440 71
-191 409 73
-187 358 80
-164 307 86
-164 343 57
-152 372 19
-143 229 36
-140 212 31
-132 345 29
-123 536 0
-121 293 22
-120 185 31
-113 426 10
-105 185 16
-88 148 3
-82 133 4
#
