#
-3081 4797 175
-3039 4778 217
-3011 4728 135
-3002 4684 197
-2931 4628 155
-2892 4639 147
-2859 4634 149
-2810 4548 157
-2789 4541 117
-2707 4522 71
-2700 4502 64
-2656 4149 480
-2639 4453 100
-2623 4139 447
-2605 4100 453
-2575 4442 38
-2545 4336 236
-2523 4050 471
-2488 4183 427
-2453 3934 386
-2422 3857 538
-2359 3517 790
-2358 4201 338
-2355 3899 440
-2314 3470 772
-2280 3489 726
-2247 3836 365
-2230 3813 393
-2194 3651 715
-2190 3764 417
-2130 3715 277
-2109 3574 634
-2078 3517 679
-2063 3745 265
-2057 3620 408
-2036 3324 368
-2027 3989 256
-1995 3238 575
-1890 3158 659
-1853 3421 296
-1843 3231 382
-1801 3078 587
-1778 3053 380
-1730 2737 753
-1710 2869 581
-1687 2800 647
-1666 2974 531
-1637 3007 485
-1551 2581 760
-1547 2820 493
-1503 3099 43
-1491 2687 520
-1459 2590 565
-1440 2521 0
-1415 2437 634
-1394 2253 695
-1379 2175 760
-1341 2418 643
-1333 2379 553
-1304 2345 185
-1251 2126 679
-1229 1813 816
-1215 1960 782
-1176 1780 743
-1141 2062 625
-1107 1757 695
-1066 2084 595
-1037 2002 219
-1033 1942 611
-965 1647 618
-936 1563 695
-924 1407 786
-874 1567 294
-853 1410 695
-800 1775 171
-787 1303 665
-752 1707 286
-747 1332 318
-723 1259 623
-633 1243 282
-581 1186 234
-559 1077 318
-526 944 335
-480 985 306
-463 1524 195
-433 1136 261
-423 646 346
-422 786 315
-358 762 209
-325 1007 97
-312 943 168
-265 593 158
-251 457 165
-242 694 94
-189 563 59
-174 345 52
-144 332 22
-123 168 16
-103 152 26
-97 109 20
#
