#
-3541 4806 51
-3512 4776 46
-3427 4737 111
-3325 4644 149
-3299 4508 243
-3267 4470 103
-3224 4432 89
-3184 4393 124
-3154 4283 131
-3099 4321 84
-3094 4238 134
-3021 4214 80
-3007 4203 123
-2963 4168 152
-2935 4145 62
-2915 4088 278
-2881 4004 655
-2814 4072 437
-2803 3956 367
-2706 3875 609
-2685 3887 292
-2665 3829 609
-2588 3568 868
-2561 3678 836
-2537 3643 586
-2512 3712 564
-2434 3371 780
-2385 3605 369
-2338 3236 798
-2313 3466 472
-2303 3518 350
-2281 3410 606
-2276 3421 498
-2270 3328 534
-2233 3368 314
-2202 3025 776
-2178 3006 766
-2132 3207 579
-2101 3074 684
-2078 3257 301
-2059 3167 535
-2018 3194 507
-2014 3155 535
-1966 3018 467
-1945 2852 719
-1887 2932 437
-1884 2794 747
-1845 2556 872
-1834 2690 721
-1830 2663 812
-1764 2618 795
-1724 2520 751
-1663 2442 716
-1620 2608 549
-1592 2405 733
-1514 2204 709
-1486 2329 639
-1459 2016 690
-1359 2234 632
-1338 1966 846
-1331 2012 614
-1267 1977 697
-1243 1877 827
-1216 2753 545
-1197 2080 259
-1171 1810 687
-1161 2000 220
-1115 1799 398
-1092 1695 690
-1064 1675 747
-1018 1575 649
-1004 1750 0
-936 1357 808
-878 1539 408
-867 1435 465
-831 1232 754
-820 1475 250
-803 1385 445
-776 1195 663
-752 1121 624
-703 1266 379
-659 1239 300
-617 1109 490
-614 1019 212
-572 973 220
-512 799 425
-502 790 425
-477 946 175
-432 866 310
-344 565 230
-314 510 237
-301 578 173
-242 832 92
-230 1057 34
-191 662 63
-168 495 40
-142 569 29
-123 250 16
-97 109 20
#
