#
-1577 4507 76
-1561 4495 91
-1557 4388 56
-1527 4309 85
-1511 4292 101
-1498 4238 85
-1485 4167 44
-1451 4134 26
-1438 4075 39
-1431 4051 16
-1401 3967 45
-1372 3896 35
-1370 3585 282
-1353 3878 35
-1341 3514 282
-1324 3846 159
-1316 3422 196
-1299 3506 178
-1286 3743 131
-1283 3410 229
-1263 3232 234
-1240 3163 225
-1240 3673 168
-1216 3066 230
-1199 3307 139
-1187 2995 220
-1173 3080 158
-1149 2925 238
-1121 2892 262
-1111 2827 220
-1087 2673 286
-1068 2598 206
-1044 2692 185
-1034 2550 353
-1021 2489 358
-1015 2452 214
-1006 2309 319
-1001 2536 153
-987 2234 263
-982 2442 247
-958 2163 247
-934 2088 247
-891 2075 373
-864 2275 185
-824 1890 348
-823 1954 332
-794 1698 378
-771 1766 353
-761 1578 358
-755 1705 305
-752 1692 338
-744 1550 370
-744 1873 277
-715 1533 337
-706 1373 370
-690 1439 338
-689 1357 286
-674 1343 271
-658 1316 312
-641 1113 306
-613 1187 244
-601 1140 298
-578 1034 338
-573 1210 205
-550 964 191
-519 912 242
-510 953 191
-486 878 191
-480 855 203
-443 843 215
-435 806 254
-400 793 323
-394 781 162
-379 723 215
-364 710 254
-362 744 172
-341 664 116
-328 541 108
-321 473 106
-295 510 83
-276 412 92
-264 374 124
-245 364 109
-243 402 59
-234 359 148
-210 284 124
-195 311 93
-184 487 0
-166 247 52
-126 192 24
-112 182 12
-87 111 20
#
