#
-2108 4733 150
-2050 4487 170
-2025 4461 159
-2014 4662 144
-2010 4450 159
-1995 4391 138
-1971 4379 138
-1930 4349 138
-1903 4328 165
-1890 4199 136
-1863 4174 109
-1821 4111 108
-1788 3950 223
-1788 4095 75
-1778 3884 215
-1753 3882 258
-1747 4012 184
-1742 3956 121
-1726 4036 47
-1708 3822 108
-1694 3620 512
-1646 3580 602
-1628 3528 537
-1611 3733 112
-1591 3728 119
-1567 3659 288
-1530 3556 253
-1518 3522 514
-1508 3406 272
-1493 3691 184
-1468 3352 503
-1459 3163 507
-1436 3321 0
-1412 3311 24
-1394 3300 42
-1390 3277 31
-1387 3222 449
-1386 2994 490
-1384 3119 253
-1361 2837 523
-1331 3161 245
-1314 3024 229
-1307 2777 398
-1286 2751 424
-1280 2708 430
-1219 2641 378
-1205 2402 543
-1201 2893 300
-1174 2577 462
-1143 2358 553
-1129 2533 435
-1109 2476 327
-1078 2611 293
-1059 2219 553
-1056 2205 550
-1023 2377 482
-1009 1972 523
-986 2082 422
-955 2327 334
-929 2156 342
-874 1877 412
-861 1902 404
-841 1807 336
-828 1774 356
-814 1718 352
-791 1555 517
-777 2007 287
-752 1754 325
-736 1593 394
-718 1509 440
-660 1458 325
-649 1270 563
-623 1254 485
-600 1196 478
-574 1137 488
-558 1367 306
-544 1121 380
-536 1290 360
-512 1063 390
-490 998 404
-475 985 327
-455 830 317
-430 945 306
-420 848 192
-370 799 176
-361 748 269
-348 781 154
-316 684 178
-304 553 202
-288 501 202
-248 655 94
-224 634 86
-216 587 94
-195 500 61
-176 375 56
-157 402 29
-138 225 8
-130 178 16
-77 110 29
#
