#
-3124 4806 202
-2997 4722 202
-2973 4729 172
-2963 4691 152
-2904 4559 152
-2848 4581 108
-2835 4510 132
-2782 4525 98
-2748 4505 64
-2684 4408 318
-2619 4370 475
-2548 4289 271
-2512 4230 271
-2479 4134 311
-2466 3975 717
-2460 4089 330
-2447 4199 260
-2446 4068 330
-2445 3653 757
-2403 3700 723
-2379 3884 412
-2327 3861 412
-2294 3576 762
-2230 3650 594
-2171 3544 562
-2147 3528 557
-2132 3741 366
-2104 3719 436
-2088 3724 286
-2032 3381 640
-2024 3587 517
-1978 3428 510
-1948 3227 679
-1911 3162 600
-1865 3278 509
-1812 2949 839
-1809 3297 407
-1793 3142 600
-1775 3075 590
-1719 2760 712
-1694 3022 583
-1651 2893 646
-1649 3205 388
-1613 2480 789
-1590 2638 708
-1571 2678 575
-1559 2348 815
-1510 2960 548
-1425 2546 546
-1346 3041 377
-1341 2824 482
-1329 2349 432
-1276 2767 346
-1257 2326 686
-1212 1984 810
-1191 2111 746
-1160 2028 658
-1152 1887 794
-1138 2523 431
-1134 2138 530
-1116 2467 357
-1064 1874 682
-1030 1794 693
-982 2449 358
-968 1860 667
-937 2257 498
-930 1738 618
-922 1620 610
-908 1679 526
-879 2124 307
-871 1399 667
-855 1898 402
-849 1536 646
-820 1419 623
-762 1597 222
-754 1227 533
-751 1408 369
-696 1490 246
-676 1471 246
-624 1162 454
-604 1470 0
-560 1042 375
-521 1316 169
-475 999 215
-453 1164 80
-423 936 199
-416 1087 128
-380 797 292
-343 859 213
-326 639 127
-316 683 68
-304 535 217
-245 828 49
-242 508 102
-167 349 58
-147 294 43
-135 321 22
-98 185 21
-97 109 20
#
