#
-1171 4358 115
-1154 4310 118
-1150 4145 136
-1145 4300 127
-1133 4076 77
-1116 4028 80
-1115 4076 59
-1102 3862 108
-1089 4018 71
-1084 3862 90
-1077 3929 42
-1060 3763 63
-1051 3871 54
-1047 3674 225
-1043 3714 63
-1042 3599 97
-1032 3569 240
-1026 3460 225
-1001 3355 240
-994 3451 80
-975 3292 153
-965 3210 286
-953 3244 152
-932 3031 152
-917 2926 167
-908 3126 146
-891 2960 150
-883 2903 167
-859 2843 269
-849 2863 260
-837 2759 213
-834 2702 277
-828 2649 260
-809 2748 247
-792 2568 258
-788 2535 247
-768 2400 303
-758 2325 174
-749 2172 280
-744 2077 264
-741 2159 178
-726 2131 212
-705 1901 293
-700 1978 230
-688 1984 174
-672 1811 224
-649 1745 247
-633 1863 180
-614 1775 221
-609 1614 285
-597 1649 237
-583 1534 243
-571 1475 237
-566 1627 226
-560 1468 251
-545 1413 221
-527 1422 193
-515 1294 275
-512 1367 205
-500 1248 277
-477 1147 237
-451 1353 181
-451 1362 161
-434 1092 313
-418 1048 195
-417 1286 161
-404 990 243
-378 945 257
-376 803 247
-364 999 187
-352 891 231
-348 984 187
-332 750 203
-289 908 181
-280 712 101
-254 656 93
-238 536 93
-218 520 111
-205 463 111
-197 443 111
-187 388 73
-182 757 1
-171 574 12
-169 360 83
-154 487 49
-141 323 33
-137 222 21
-127 185 33
-115 156 10
-104 119 20
-95 140 18
#
