#
-2376 4737 85
-2351 4715 88
-2330 4701 67
-2291 4677 72
-2245 4663 38
-2222 4293 203
-2219 4512 112
-2215 4619 52
-2191 4208 153
-2146 4416 112
-2108 4123 119
-2096 4104 189
-2093 4037 153
-2028 3761 162
-1993 3907 67
-1969 3710 167
-1933 3855 115
-1899 3433 203
-1879 3612 183
-1867 3418 203
-1836 3491 107
-1803 3481 140
-1790 3354 258
-1755 3318 273
-1723 3302 273
-1693 3275 330
-1678 3167 146
-1663 3134 389
-1598 2993 553
-1569 2917 577
-1542 3011 521
-1528 2991 495
-1528 2991 530
-1496 2883 544
-1483 2829 490
-1478 2644 530
-1458 2627 550
-1444 2802 343
-1435 2494 443
-1413 2429 465
-1412 2765 311
-1381 2739 374
-1359 2690 306
-1347 2538 294
-1326 2431 432
-1270 2402 543
-1257 2239 388
-1234 2225 408
-1212 2349 233
-1198 2134 475
-1143 1965 577
-1113 1943 567
-1103 2111 524
-1085 1978 465
-1021 1769 475
-995 1913 459
-960 1600 434
-936 1788 366
-928 1461 444
-904 1696 402
-884 1427 398
-847 2036 351
-823 1398 453
-781 1535 372
-781 1824 344
-752 1684 240
-722 1381 228
-701 1167 398
-667 1281 305
-619 1245 261
-600 1025 417
-578 959 424
-559 1141 246
-557 899 439
-532 951 219
-502 790 380
-474 1224 181
-406 893 181
-389 739 321
-351 532 229
-341 524 239
-313 560 207
-298 808 151
-268 1169 133
-241 571 91
-215 512 109
-171 400 44
-142 269 34
-122 244 16
-102 208 26
-102 401 6
-96 165 20
-96 337 0
-77 110 29
#
