#
-3032 4776 43
-2903 4674 134
-2860 4569 62
-2788 4438 127
-2770 4409 91
-2765 4492 78
-2701 4059 363
-2691 4337 267
-2590 4266 189
-2548 4157 236
-2537 4126 280
-2529 3850 324
-2485 4151 216
-2434 3773 262
-2398 4007 210
-2367 3629 241
-2355 3609 324
-2287 3600 750
-2260 3544 287
-2245 3682 229
-2215 3502 241
-2181 3458 242
-2180 3418 721
-2149 3432 694
-2115 3324 227
-2078 3282 215
-2029 3270 696
-1969 3204 721
-1967 2946 730
-1936 3147 691
-1915 3117 612
-1879 3212 561
-1864 3075 641
-1861 2996 686
-1818 2700 649
-1794 2999 629
-1783 2948 574
-1734 2885 550
-1718 2881 534
-1691 2773 547
-1661 2746 617
-1618 2423 602
-1590 2756 595
-1520 2804 324
-1497 2560 476
-1474 2547 476
-1446 2286 463
-1419 2657 448
-1366 2437 418
-1320 2415 418
-1258 1998 624
-1199 1941 622
-1175 2084 460
-1165 1906 711
-1158 1697 655
-1131 1869 574
-1110 2357 450
-1091 1815 528
-1057 1794 503
-1050 2422 377
-1015 1606 605
-999 1888 434
-995 1637 483
-946 1619 410
-891 1305 501
-855 2202 258
-806 1538 349
-740 1316 326
-706 1461 294
-703 1291 407
-656 1072 396
-610 1241 314
-571 993 387
-568 1214 359
-559 892 490
-545 1075 314
-509 1562 179
-478 1054 276
-435 837 303
-424 1835 166
-421 1537 140
-381 1343 142
-355 1267 116
-302 1163 102
-271 961 133
-261 730 162
-231 632 150
-175 535 38
-159 787 29
-141 303 55
-139 465 24
-126 329 11
-123 183 9
-97 109 20
-96 382 0
#
