#
-1776 4690 193
-1750 4667 167
-1728 4505 167
-1718 4516 157
-1707 4416 176
-1706 4668 123
-1690 4317 129
-1659 4077 238
-1637 3915 238
-1631 3877 210
-1606 3702 201
-1588 4171 111
-1573 3673 156
-1547 4022 71
-1543 3593 156
-1516 3943 116
-1511 3514 163
-1485 3503 189
-1471 3439 131
-1462 3395 201
-1445 3783 79
-1423 3762 101
-1412 3317 131
-1398 3305 131
-1394 3635 85
-1383 3202 106
-1364 3183 106
-1327 3132 72
-1304 2794 422
-1289 2901 378
-1278 3001 115
-1275 2889 392
-1265 2846 411
-1247 2694 479
-1245 2835 397
-1239 2609 462
-1225 2678 386
-1222 2518 479
-1213 2989 147
-1210 2961 183
-1171 2650 297
-1169 2335 422
-1138 2294 453
-1105 2245 352
-1070 2193 370
-1056 2439 316
-1047 2472 297
-1028 2419 316
-1025 2078 340
-1006 2399 333
-995 1961 248
-967 1931 248
-921 1734 453
-902 1840 305
-856 1672 462
-837 1639 432
-811 1647 383
-787 1556 366
-783 1504 432
-766 1495 218
-738 1443 344
-726 1491 273
-703 1359 279
-691 1325 375
-656 1197 305
-643 1164 479
-601 1396 141
-582 1288 160
-553 985 209
-543 1090 175
-529 970 226
-519 970 216
-498 964 225
-494 931 241
-481 873 242
-469 870 252
-460 1053 0
-447 782 268
-428 1032 32
-389 772 261
-371 675 41
-347 599 27
-314 589 43
-301 541 101
-270 418 91
-267 506 84
-246 411 57
-224 384 67
-214 388 47
-186 316 50
-166 300 67
-130 178 16
-104 119 20
-77 110 29
#
