#
-1945 4384 94
-1919 4367 120
-1882 4285 128
-1879 4200 94
-1853 4182 120
-1845 4132 128
-1799 4037 85
-1768 4005 128
-1728 3982 168
-1695 3889 55
-1677 3812 125
-1671 3638 317
-1637 3571 317
-1625 3543 291
-1600 3686 76
-1593 3515 395
-1549 3374 339
-1525 3291 271
-1508 3280 254
-1476 3248 266
-1474 3218 456
-1466 3259 256
-1432 3248 256
-1411 3363 225
-1399 2996 446
-1393 2901 503
-1381 3044 247
-1348 2986 466
-1333 2811 429
-1299 2963 303
-1290 2698 434
-1256 2685 380
-1222 2737 368
-1219 2336 502
-1201 2667 421
-1184 2656 421
-1157 2600 378
-1155 2231 442
-1137 2606 272
-1081 2503 386
-1075 2095 490
-1063 2812 223
-1048 2248 358
-1042 1984 477
-1036 2498 241
-1019 2155 444
-1004 1949 411
-975 1878 386
-965 1842 421
-939 1822 401
-918 2209 319
-908 1805 478
-873 1676 411
-840 2422 0
-832 2075 333
-816 1958 349
-813 2410 27
-785 1562 401
-771 2300 47
-750 1782 372
-718 1668 276
-702 1335 401
-698 1458 287
-687 1930 153
-654 1871 186
-618 1809 153
-606 1254 491
-605 1606 185
-584 1004 467
-579 1093 325
-555 1756 162
-552 1039 325
-527 985 336
-512 1196 175
-471 943 329
-455 857 312
-422 790 339
-412 906 196
-399 746 150
-396 718 348
-367 674 200
-367 674 208
-345 652 178
-301 812 108
-285 565 140
-267 493 137
-223 423 107
-193 578 84
-177 471 35
-160 345 22
-152 325 30
-135 271 32
-129 236 61
-114 176 11
-77 110 29
#
