#
-2891 8225 129
-2855 8132 123
-2798 8052 193
-2742 7939 145
-2732 7925 145
-2730 8087 133
-2613 7802 71
-2562 7779 48
-2548 7613 293
-2533 7600 293
-2458 7440 372
-2451 7433 358
-2442 7378 356
-2406 7512 240
-2385 6662 597
-2354 7083 527
-2347 7100 328
-2324 7087 320
-2313 6775 564
-2291 6938 324
-2272 7271 268
-2249 7260 245
-2238 6658 578
-2228 6584 588
-2211 6840 286
-2184 6351 614
-2095 6642 295
-2055 6139 492
-2015 5990 539
-1994 6068 483
-1946 6360 465
-1931 5880 586
-1923 5941 515
-1872 6239 386
-1857 5612 538
-1818 5711 505
-1768 5526 469
-1762 5448 463
-1725 6116 342
-1716 5249 500
-1692 5148 458
-1681 5309 407
-1665 4931 547
-1609 4998 542
-1573 4810 500
-1555 4680 568
-1530 4571 498
-1487 4670 474
-1444 4377 590
-1410 4882 393
-1377 4219 496
-1294 4136 526
-1290 4051 624
-1282 4225 442
-1231 3953 468
-1221 3878 478
-1216 3472 611
-1211 3750 554
-1141 3432 536
-1078 4486 419
-1064 4447 433
-1011 3798 428
-992 3395 543
-974 3635 417
-909 2852 554
-863 3243 309
-804 3167 254
-746 2258 554
-705 2044 556
-678 2720 254
-655 2507 438
-643 2621 262
-607 2445 266
-577 1487 467
-549 1696 445
-528 1669 452
-509 1738 374
-488 2165 187
-474 1861 204
-445 1406 298
-406 1592 206
-403 1543 274
-391 1576 213
-356 1138 309
-336 1245 161
-331 1182 169
-309 1092 224
-255 1000 101
-242 927 101
-240 1032 91
-199 762 43
-185 968 10
-175 617 0
-162 496 13
-143 423 78
-136 349 20
-79 167 28
-58 141 21
#
