#
-1557 7061 167
-1529 6961 178
-1511 6804 167
-1499 6790 155
-1473 6743 129
-1469 6469 176
-1455 5847 221
-1450 6311 195
-1441 5655 195
-1420 6556 79
-1409 5793 153
-1375 5583 153
-1348 6263 65
-1332 5964 83
-1324 6141 41
-1320 5450 93
-1318 5343 119
-1310 5027 253
-1294 5282 119
-1280 5090 102
-1270 5160 95
-1267 5550 68
-1251 5698 49
-1246 4880 68
-1224 4680 185
-1191 4987 46
-1168 4535 361
-1168 4604 338
-1157 4930 59
-1144 4650 310
-1138 4084 317
-1106 4332 163
-1093 3988 317
-1083 4245 297
-1060 3822 335
-1042 4133 301
-1039 3641 228
-1019 3752 205
-986 3601 321
-978 3358 234
-975 3887 192
-970 3589 192
-937 3554 228
-923 2971 329
-917 3212 228
-893 3504 226
-868 2851 340
-853 2841 351
-846 2831 358
-846 3087 269
-832 2909 278
-805 2516 370
-790 2513 363
-782 2548 250
-755 2687 249
-752 2464 328
-743 2858 233
-733 2384 227
-724 2285 247
-694 2206 267
-690 2084 218
-659 1967 259
-647 1953 247
-614 1870 259
-604 2237 200
-577 1815 259
-565 1789 239
-551 1639 200
-538 1547 213
-520 1525 220
-516 1613 212
-497 1423 220
-487 1418 223
-481 1285 170
-453 1192 175
-446 1194 170
-396 1030 143
-393 1022 182
-373 1004 143
-361 1112 127
-319 1011 130
-295 735 175
-283 758 146
-271 837 122
-270 668 133
-242 635 146
-226 680 106
-196 511 137
-175 651 0
-161 557 12
-140 520 33
-140 533 22
-138 439 20
-108 245 46
-92 199 27
-66 147 14
#
