#
-2380 7569 135
-2361 7510 154
-2356 7298 135
-2301 7126 184
-2263 7171 61
-2215 6779 281
-2210 6299 281
-2184 6729 110
-2183 6898 56
-2157 6750 90
-2117 6172 207
-2112 6079 379
-2102 6106 308
-2080 5933 176
-2069 5913 176
-2038 5730 207
-2036 6548 157
-2008 5894 203
-2001 5491 165
-1993 6536 157
-1960 6242 124
-1951 5921 146
-1892 5384 283
-1873 5374 283
-1853 5795 146
-1852 5474 154
-1807 5051 494
-1798 5265 447
-1796 5043 472
-1786 5150 274
-1766 5041 494
-1746 5007 456
-1724 4864 369
-1717 4600 472
-1699 4539 400
-1694 4822 369
-1643 4290 356
-1589 4229 442
-1550 4140 415
-1521 4054 407
-1495 4372 344
-1489 4236 405
-1442 3960 327
-1407 3740 476
-1406 3856 363
-1364 3640 515
-1329 3568 476
-1311 3512 503
-1299 3345 410
-1276 3268 410
-1241 3456 354
-1218 3623 335
-1214 3191 397
-1210 3041 429
-1191 3123 393
-1163 2953 449
-1128 3033 392
-1111 2804 427
-1086 2910 404
-1061 2782 349
-1031 2762 349
-998 2600 358
-959 2499 510
-897 2333 525
-881 2263 393
-850 2531 362
-813 2440 387
-807 2081 416
-752 1856 293
-714 1781 295
-688 1705 303
-604 1500 416
-598 1645 355
-512 1382 220
-494 1341 238
-478 1135 265
-448 1206 250
-443 1044 265
-438 1162 228
-422 1133 228
-384 904 273
-360 1026 0
-338 762 248
-292 916 52
-288 785 45
-261 944 43
-225 654 64
-223 725 29
-185 559 77
-170 477 80
-149 455 41
-146 370 84
-107 294 17
-66 147 14
#
