#
-4582 8384 207
-4542 8362 207
-4463 8249 281
-4429 8194 212
-4361 8135 251
-4286 8069 206
-4261 8018 262
-4222 7969 251
-4110 7821 220
-3984 7738 253
-3940 7704 260
-3903 7196 846
-3800 7591 449
-3762 7527 449
-3748 7442 507
-3703 7275 802
-3631 7279 738
-3524 6877 676
-3497 6989 487
-3440 6957 505
-3419 6798 885
-3401 7297 373
-3379 7286 395
-3321 7191 293
-3277 6902 344
-3205 6722 638
-3164 6585 821
-3156 6536 558
-3118 6368 823
-3027 6149 929
-2983 6389 616
-2935 6293 696
-2784 5753 930
-2748 5550 929
-2704 5405 925
-2618 5810 839
-2598 5897 731
-2570 5353 815
-2491 5482 750
-2471 5226 815
-2441 4997 864
-2437 5686 526
-2426 5447 721
-2392 5131 751
-2296 4700 919
-2238 4817 822
-2199 4531 898
-2148 5047 674
-2064 4658 594
-2053 4470 833
-1959 4353 779
-1945 4190 767
-1868 4274 739
-1829 4837 578
-1829 4925 573
-1797 3963 941
-1783 4177 705
-1692 4167 534
-1666 4056 596
-1619 3484 913
-1578 3240 919
-1556 3526 892
-1538 3805 661
-1459 4377 532
-1425 3618 811
-1364 3745 627
-1306 3400 684
-1295 3504 614
-1248 3026 691
-1176 2500 916
-1126 2903 762
-1085 2777 484
-1040 3467 0
-1012 3050 334
-1007 2930 459
-955 2618 519
-921 2656 437
-877 2485 427
-826 2334 339
-816 2184 365
-762 2153 492
-738 2001 463
-718 1765 442
-652 1632 471
-480 1493 211
-410 1043 196
-360 1328 152
-307 1152 142
-263 865 172
-244 940 141
-221 706 129
-206 692 114
-182 681 90
-151 603 46
-127 419 31
-87 295 21
-73 131 14
#
