#
-2913 8321 119
-2869 8207 119
-2868 8149 119
-2776 7998 71
-2757 7880 197
-2734 7862 182
-2710 7897 94
-2675 7768 61
-2635 7726 220
-2594 7645 179
-2535 7487 363
-2506 7404 248
-2466 7162 224
-2431 7141 217
-2406 7337 129
-2384 6810 604
-2365 7255 129
-2314 6882 256
-2263 6581 436
-2233 6284 560
-2161 6291 380
-2149 6255 510
-2114 6077 525
-2078 5885 608
-2057 6131 293
-2053 6195 234
-2036 6410 223
-1965 5723 622
-1928 5496 534
-1898 5642 352
-1879 5336 519
-1861 5410 482
-1807 5239 543
-1754 5089 494
-1749 5014 592
-1718 5524 377
-1682 5210 398
-1671 4941 543
-1629 4869 469
-1603 5089 321
-1595 5358 314
-1562 4677 497
-1562 4794 457
-1511 4773 484
-1472 4641 475
-1448 4386 550
-1425 4534 445
-1421 4966 334
-1399 4031 523
-1377 3912 499
-1343 3837 440
-1343 4502 282
-1311 4361 311
-1261 3301 629
-1256 3602 450
-1219 4168 252
-1177 3512 502
-1159 3073 581
-1156 3675 415
-1115 3655 440
-1048 3532 388
-1003 3442 381
-1000 3361 0
-976 3351 24
-924 2667 425
-907 3213 364
-864 2372 499
-863 2519 491
-840 2893 381
-826 3203 150
-803 2329 307
-799 2317 405
-763 2035 416
-689 2746 146
-659 1858 402
-614 1738 577
-571 1662 499
-539 1767 487
-527 2220 275
-513 1426 461
-483 1978 172
-439 1842 246
-393 1247 272
-350 1400 161
-299 1002 188
-265 1164 150
-236 812 199
-205 1014 85
-201 879 80
-158 670 96
-150 650 45
-126 639 34
-120 437 34
-108 346 34
-73 182 21
-45 166 14
#
