#
-4129 8398 47
-4009 8248 107
-3977 8191 68
-3922 8124 94
-3898 8057 122
-3837 8074 74
-3709 7676 341
-3697 7974 292
-3650 7555 268
-3606 7501 280
-3566 7803 252
-3516 7422 598
-3503 7409 292
-3444 7241 252
-3334 7028 821
-3274 7181 326
-3238 7161 326
-3234 7080 191
-3173 6924 812
-3125 6465 821
-3095 6926 197
-3016 6573 744
-2971 6817 675
-2873 6323 798
-2873 6566 672
-2829 5953 756
-2820 6757 574
-2798 5855 740
-2760 6202 618
-2708 6727 499
-2696 6102 663
-2629 5464 815
-2582 6831 421
-2556 5178 805
-2499 5515 782
-2405 6021 648
-2346 5247 732
-2304 4827 771
-2232 5651 628
-2178 5095 682
-2154 5503 581
-2110 4812 736
-2096 4926 706
-2063 5608 431
-2039 4699 695
-2015 4493 713
-1931 5348 551
-1920 5030 471
-1860 4645 628
-1810 4379 748
-1770 4563 629
-1767 4020 769
-1702 4951 531
-1632 4621 604
-1625 4528 585
-1587 4260 689
-1562 3876 613
-1554 3866 723
-1532 4527 518
-1479 3491 639
-1450 4547 363
-1422 4264 403
-1317 4200 489
-1314 4142 460
-1269 3742 519
-1248 3263 607
-1200 3198 545
-1139 3695 380
-1135 4342 352
-1105 3681 479
-1077 3398 507
-1036 2619 674
-1036 3488 458
-1014 2396 703
-960 2665 564
-889 2234 674
-851 1876 682
-768 1612 703
-730 3560 308
-638 3582 221
-588 1406 441
-574 2642 223
-568 1664 339
-558 1324 450
-533 3092 138
-529 1543 218
-471 2027 174
-441 1487 178
-408 1111 339
-368 1050 221
-327 897 182
-298 1362 151
-268 1279 160
-237 910 129
-202 602 33
-185 506 0
-132 385 29
-83 372 18
-73 131 14
#
