#
-4449 8400 175
-4371 8363 140
-4330 8267 173
-4268 8151 219
-4180 8041 285
-4143 8060 229
-4087 7987 296
-4087 7987 297
-3942 7854 545
-3920 7764 473
-3885 7782 432
-3791 7651 122
-3697 7595 524
-3591 7377 654
-3590 7526 456
-3573 7389 416
-3554 7172 486
-3496 6849 819
-3379 7295 416
-3326 7138 525
-3320 7067 491
-3239 6409 901
-3159 6891 609
-3105 6429 849
-3053 6257 890
-2983 6252 774
-2925 6104 894
-2904 6138 706
-2873 5970 932
-2852 5959 911
-2822 5897 702
-2766 5350 869
-2719 5457 867
-2710 5743 819
-2687 5145 899
-2686 5495 833
-2629 6615 599
-2628 6440 589
-2501 5854 683
-2462 5829 683
-2414 4851 802
-2401 5407 783
-2341 4902 693
-2282 4684 772
-2236 4545 743
-2136 5313 554
-2110 4369 843
-2028 5312 573
-1959 4143 832
-1925 4987 679
-1878 5639 492
-1812 5009 626
-1789 3972 671
-1748 3923 876
-1689 3756 757
-1661 3531 733
-1603 3778 726
-1582 4283 486
-1354 3139 809
-1324 3401 641
-1262 3721 562
-1216 3685 325
-1185 3195 782
-1165 3492 347
-1153 3003 578
-1145 3291 396
-1096 2933 918
-1079 2869 621
-1038 2753 743
-996 2719 445
-983 2253 790
-945 2582 396
-910 3071 386
-844 1952 685
-819 2498 340
-793 3035 236
-749 2895 248
-728 2472 140
-721 2369 593
-680 2227 255
-676 2347 192
-657 2187 178
-601 2147 211
-575 1818 0
-544 1785 31
-476 1427 99
-468 1605 64
-413 1368 107
-369 1534 91
-360 1217 279
-307 1144 103
-296 1083 123
-251 974 78
-203 570 100
-180 763 77
-150 743 27
-119 289 54
-119 405 27
-73 131 14
#
