#
-1326 6748 79
-1300 6702 79
-1286 6456 97
-1285 6527 69
-1263 6246 69
-1245 6235 87
-1220 6161 172
-1211 5818 141
-1189 6089 38
-1163 5596 172
-1141 6059 23
-1134 5688 34
-1111 5513 145
-1099 5677 10
-1095 5428 165
-1084 5412 66
-1079 5288 87
-1076 5011 265
-1067 5413 41
-1061 5083 245
-1054 4731 265
-1028 4685 239
-1027 4871 230
-1018 5231 90
-1009 4775 230
-1001 4661 130
-998 4841 115
-977 4557 180
-964 4538 167
-947 4460 160
-945 4325 221
-935 4278 239
-893 4131 196
-870 4051 275
-856 4640 106
-845 3898 240
-835 3761 199
-828 3670 277
-812 3748 255
-788 3463 257
-787 3311 234
-759 3248 246
-750 3401 221
-750 4053 83
-743 3664 214
-739 3513 161
-711 3169 249
-708 3401 192
-703 3262 226
-674 3011 233
-671 3993 4
-659 3106 186
-656 3955 15
-648 2730 287
-622 2816 226
-617 2930 201
-616 2752 208
-611 3371 60
-597 2448 246
-583 2536 169
-575 3205 78
-568 3064 107
-545 2262 215
-527 2875 119
-511 2388 146
-506 2163 205
-487 1908 287
-469 2217 153
-447 1630 246
-433 1859 179
-412 2065 122
-411 1783 206
-384 1430 253
-367 1762 113
-339 1302 188
-336 1469 101
-329 1539 94
-320 1195 188
-291 1071 188
-281 1338 119
-255 1237 126
-246 1350 115
-242 987 93
-240 907 110
-212 794 66
-196 761 93
-183 699 54
-164 563 47
-155 554 54
-133 450 18
-110 416 25
#
