#
-1843 7203 124
-1835 6966 124
-1788 6781 108
-1780 6341 187
-1770 6566 123
-1765 6102 194
-1757 6441 108
-1738 5815 178
-1705 6315 112
-1677 6180 84
-1661 6144 56
-1656 5981 141
-1637 5607 160
-1598 5455 160
-1596 5949 83
-1592 5316 199
-1571 5306 178
-1560 5775 119
-1555 5946 94
-1535 5887 114
-1533 5087 119
-1498 5779 74
-1480 4790 132
-1480 5627 71
-1415 4652 139
-1411 4980 131
-1404 5499 52
-1391 4592 161
-1390 4246 368
-1376 4369 122
-1370 4210 364
-1366 5158 68
-1322 4147 368
-1315 3937 385
-1281 4364 101
-1276 3918 353
-1259 3802 350
-1237 3548 363
-1227 3649 125
-1214 3446 353
-1207 4333 105
-1169 3574 327
-1163 3299 299
-1138 3162 350
-1128 3458 280
-1072 3051 280
-1051 2930 301
-1022 2716 329
-1017 2975 236
-987 2877 266
-972 3129 233
-947 2540 313
-926 2474 316
-889 2851 227
-883 2335 287
-878 2450 274
-862 2309 308
-838 2192 308
-774 2149 254
-773 2053 357
-745 2349 252
-719 1946 330
-712 1869 330
-666 1986 328
-660 1871 292
-633 1685 357
-612 1682 340
-609 1689 295
-599 1669 326
-566 1832 239
-513 1879 214
-492 1367 353
-483 1481 218
-468 1438 257
-446 1144 340
-445 1345 317
-399 1206 245
-390 1823 210
-377 1536 197
-365 1123 261
-350 1669 167
-349 1422 225
-320 1239 244
-311 1181 206
-282 857 176
-277 725 218
-195 1071 32
-180 1291 12
-180 1293 0
-174 764 34
-166 789 18
-139 575 19
-134 498 19
-130 409 41
-93 233 28
-77 322 25
-66 147 14
#
