#
-4053 8389 67
-3970 8311 57
-3866 8087 126
-3852 8059 89
-3822 8036 71
-3731 7967 54
-3696 7889 194
-3627 7843 194
-3559 7630 334
-3541 7660 332
-3492 7503 381
-3427 7411 526
-3410 7593 307
-3317 7378 289
-3242 7199 536
-3232 6814 795
-3217 7168 595
-3216 6640 811
-3147 7255 366
-3116 6528 793
-3048 6846 530
-3006 6985 482
-2917 6243 800
-2896 6328 744
-2822 6515 573
-2800 6485 545
-2745 5910 778
-2622 6126 771
-2603 5750 762
-2547 5795 705
-2501 6005 555
-2454 6268 491
-2417 5581 783
-2408 5357 812
-2357 5330 757
-2290 4872 807
-2225 5074 746
-2135 5850 527
-2086 5222 632
-2055 5174 561
-2032 6022 413
-1922 4780 658
-1897 4591 719
-1748 4553 615
-1732 4386 788
-1679 4625 438
-1667 4064 609
-1629 4933 359
-1443 4430 491
-1434 4329 500
-1327 3590 689
-1316 3286 640
-1303 2997 650
-1293 3448 584
-1273 3504 464
-1226 3900 458
-1185 3829 458
-1129 4477 324
-1115 4077 338
-1026 2442 769
-990 3245 474
-952 2658 677
-939 3754 294
-909 2529 476
-865 2584 399
-829 2005 725
-804 3170 338
-795 2079 690
-767 1847 686
-756 2260 426
-711 1911 606
-682 1864 577
-659 1716 406
-554 1712 406
-478 1789 227
-474 1508 369
-436 1426 286
-369 2499 190
-351 1377 246
-309 944 245
-295 1634 151
-291 1043 219
-275 1175 170
-273 1451 149
-261 1576 117
-243 1239 151
-223 1168 162
-183 1120 119
-171 843 104
-164 761 97
-137 657 32
-128 607 41
-105 581 0
-84 449 12
-76 281 26
-72 275 22
-52 149 15
#
