#
-1042 1831 4
-1035 1782 3
-1019 1727 1
-1011 1710 9
-995 1698 43
-989 1667 31
-977 1671 25
-971 1652 13
-965 1642 47
-954 1597 66
-941 1583 53
-927 1570 93
-920 1558 32
-900 1486 118
-893 1531 59
-882 1476 100
-870 1426 88
-859 1353 159
-858 1385 76
-855 1317 163
-829 1261 137
-820 1279 128
-816 1268 124
-811 1243 147
-799 1202 135
-794 1217 94
-790 1187 98
-776 1172 112
-763 1160 71
-749 1146 85
-736 1145 98
-734 1218 48
-722 1133 112
-719 1128 63
-696 1113 86
-689 1049 3
-675 1035 11
-660 944 4
-637 930 27
-610 917 0
-597 863 103
-579 812 85
-569 906 41
-556 851 62
-540 796 46
-535 782 157
-516 749 176
-511 788 17
-500 739 192
-493 759 153
-481 696 211
-467 682 197
-463 718 123
-462 642 230
-459 698 151
-456 679 208
-440 669 170
-435 627 203
-421 615 189
-405 603 287
-378 567 322
-376 588 270
-374 536 318
-372 563 266
-360 522 304
-358 551 252
-351 546 295
-338 558 220
-333 509 277
-321 505 265
-307 491 251
-292 498 236
-273 391 165
-254 461 36
-248 421 130
-247 370 191
-224 325 116
-214 318 106
-208 300 100
-189 272 81
-176 280 68
-163 250 107
-156 337 22
-147 240 91
-136 216 80
-118 198 114
-110 156 2
-84 135 28
-56 113 52
-33 106 23
-30 92 26
#
