#
-1019 1644 51
-1010 1594 42
-1001 1521 33
-976 1506 94
-967 1471 97
-966 1443 80
-964 1425 82
-958 1383 76
-934 1346 100
-925 1327 109
-917 1324 117
-916 1239 8
-887 1211 37
-861 1195 19
-846 1164 4
-829 1126 13
-821 1122 21
-802 1077 80
-788 1061 66
-781 1081 59
-772 1009 110
-765 1031 43
-758 993 96
-735 962 73
-731 950 69
-724 926 184
-715 909 193
-711 916 171
-702 895 180
-690 933 28
-686 878 164
-678 858 156
-671 822 251
-663 808 191
-654 799 234
-644 835 146
-639 776 213
-634 761 274
-632 790 208
-630 771 270
-623 745 227
-618 765 222
-615 725 219
-598 703 202
-592 714 172
-582 684 340
-573 680 309
-565 661 323
-557 647 351
-548 638 360
-546 633 304
-541 671 299
-538 613 296
-536 666 228
-525 603 283
-502 570 314
-494 566 306
-476 552 288
-470 544 346
-449 537 89
-443 537 391
-436 515 364
-436 533 354
-417 527 335
-407 495 393
-403 460 139
-390 437 148
-372 423 166
-368 490 48
-363 414 175
-358 403 38
-339 384 19
-321 372 217
-309 355 255
-303 351 5
-282 310 40
-266 288 24
-256 294 14
-254 268 66
-242 258 0
-228 241 36
-217 217 25
-196 215 124
-166 152 132
-151 199 31
-138 173 104
-135 170 57
-122 127 70
-121 196 49
-106 116 86
-95 138 61
-78 187 4
-55 79 1
-37 74 17
-26 64 8
#
