#
-1122 1497 164
-1115 1477 171
-1104 1446 182
-1100 1464 156
-1087 1429 165
-1085 1434 163
-1066 1395 220
-1049 1352 127
-1026 1341 104
-1015 1319 271
-1006 1315 246
-1005 1317 243
-986 1290 190
-972 1279 314
-970 1255 206
-968 1238 208
-948 1270 126
-934 1209 2
-918 1143 4
-906 1130 8
-884 1104 74
-882 1107 62
-877 1084 67
-866 1053 56
-865 1049 93
-849 989 95
-838 958 84
-834 1029 80
-811 942 35
-802 972 18
-781 913 9
-769 854 15
-759 884 5
-754 843 0
-733 825 51
-707 814 25
-693 781 61
-680 739 278
-663 762 65
-650 690 294
-645 675 277
-629 654 293
-623 646 299
-607 635 315
-594 623 350
-585 595 261
-578 599 176
-571 719 149
-560 550 224
-560 585 202
-550 532 194
-539 532 215
-539 545 119
-530 521 128
-514 488 270
-501 494 99
-499 481 255
-481 488 237
-472 467 228
-461 462 137
-455 457 131
-444 436 340
-428 425 356
-421 408 177
-408 401 250
-395 399 321
-389 393 335
-368 377 348
-359 377 329
-359 395 303
-345 319 313
-332 343 88
-326 327 306
-315 302 283
-298 287 266
-284 274 40
-264 267 72
-258 259 66
-244 220 0
-204 218 46
-201 190 43
-175 175 17
-158 165 32
-138 151 106
-134 154 24
-132 132 112
-131 147 59
-113 108 79
-86 98 52
-71 78 39
-44 68 12
-31 50 1
#
