#
-1158 1367 150
-1146 1356 162
-1142 1347 166
-1125 1325 113
-1123 1309 115
-1077 1224 231
-1069 1306 51
-1064 1243 56
-1057 1196 193
-1046 1184 182
-1038 1165 270
-1021 1129 145
-1010 1103 2
-1006 1018 2
-990 998 14
-976 1049 0
-962 972 22
-951 942 11
-918 930 22
-917 896 41
-913 878 91
-908 856 32
-893 840 47
-879 809 93
-866 825 74
-854 781 86
-836 765 104
-816 764 60
-814 790 58
-799 751 77
-779 731 97
-771 698 15
-762 688 6
-747 678 9
-726 676 42
-724 657 216
-705 651 235
-701 628 239
-697 645 59
-687 629 5
-664 615 68
-641 603 91
-637 589 129
-617 570 109
-612 558 144
-594 582 88
-576 526 106
-560 521 196
-552 512 44
-530 481 152
-516 502 8
-511 471 171
-500 462 256
-480 464 116
-477 460 309
-468 416 300
-462 435 294
-450 400 282
-441 412 273
-436 380 332
-429 400 261
-420 405 176
-416 356 352
-409 371 269
-402 354 330
-397 335 365
-382 321 350
-376 340 344
-371 352 319
-366 320 312
-360 377 148
-338 297 170
-324 283 184
-308 272 200
-295 252 127
-282 242 114
-278 232 206
-266 217 156
-254 225 138
-251 211 219
-247 187 215
-221 194 201
-211 204 141
-205 165 173
-186 159 122
-176 183 106
-170 144 138
-138 114 106
-119 146 47
-103 159 33
-84 110 52
-71 102 33
-52 72 20
-47 66 15
-32 42 0
#
