#
-1115 1718 73
-1088 1691 100
-1082 1675 94
-1074 1657 102
-1054 1614 122
-1031 1592 145
-1029 1574 13
-1011 1525 31
-995 1419 157
-989 1378 187
-977 1349 117
-973 1481 7
-961 1325 127
-956 1438 24
-945 1450 13
-943 1297 151
-921 1236 61
-908 1279 50
-892 1210 90
-891 1202 89
-867 1178 113
-865 1156 13
-862 1113 16
-853 1081 7
-840 1068 6
-829 1052 17
-786 1022 60
-764 996 82
-748 976 130
-743 950 135
-731 926 147
-722 908 138
-711 888 127
-681 868 73
-669 839 85
-665 811 169
-654 853 46
-652 815 68
-641 803 197
-634 793 190
-629 829 45
-621 759 257
-612 727 248
-591 707 269
-585 744 89
-578 687 214
-559 677 195
-552 668 286
-547 644 225
-536 642 324
-532 651 210
-529 659 165
-525 640 313
-518 632 284
-507 615 295
-483 591 271
-470 557 322
-464 593 262
-457 571 245
-441 538 261
-432 518 370
-427 504 365
-417 491 355
-408 494 346
-394 486 332
-391 470 329
-382 474 320
-378 529 230
-372 460 310
-366 500 218
-346 489 238
-343 429 339
-322 434 174
-302 423 194
-296 416 148
-269 400 121
-258 355 106
-255 398 67
-235 318 55
-227 317 39
-215 298 107
-191 286 11
-175 262 27
-164 220 16
-159 250 11
-148 208 0
-121 174 59
-92 138 40
-85 144 23
-74 112 18
-64 153 2
-54 96 2
-30 92 26
#
