#
-1161 1512 229
-1143 1502 211
-1127 1485 263
-1114 1456 182
-1108 1461 176
-1098 1446 166
-1086 1395 246
-1080 1429 216
-1072 1361 260
-1069 1380 227
-1054 1320 278
-1046 1301 250
-1039 1290 243
-1033 1336 191
-1030 1290 234
-1030 1323 188
-1003 1274 261
-1000 1266 224
-990 1263 274
-980 1258 284
-966 1217 34
-949 1199 29
-936 1194 82
-930 1119 88
-915 1090 103
-910 1103 68
-898 1073 170
-895 1079 83
-892 1093 50
-872 1135 14
-867 1044 125
-860 1032 118
-837 1016 141
-836 991 182
-816 998 162
-814 969 254
-798 958 270
-796 947 136
-795 920 47
-787 931 39
-772 864 24
-762 850 14
-754 851 6
-725 805 87
-720 802 60
-706 822 42
-701 792 47
-693 748 137
-684 741 138
-679 732 133
-678 816 16
-662 803 0
-653 707 107
-621 673 75
-604 672 58
-601 662 95
-590 616 64
-574 605 268
-567 640 21
-563 584 279
-551 541 245
-536 560 10
-533 551 195
-528 535 222
-522 515 238
-517 518 211
-501 509 195
-497 507 231
-490 496 206
-480 468 174
-469 456 185
-456 516 150
-447 489 141
-433 419 127
-420 465 114
-413 403 147
-406 405 100
-380 381 148
-372 437 48
-353 375 207
-348 364 158
-344 424 74
-335 335 103
-290 312 256
-274 304 252
-273 275 33
-255 260 51
-228 315 4
-218 237 14
-177 210 27
-174 188 154
-164 168 110
-163 161 143
-143 145 123
-131 125 97
-96 100 42
-68 90 14
-55 79 1
-26 64 8
#
