#
-1161 1509 7
-1153 1494 1
-1117 1483 51
-1101 1464 51
-1075 1458 31
-1064 1455 20
-1046 1442 2
-1037 1362 81
-1029 1384 69
-1020 1323 132
-1012 1322 156
-998 1308 120
-981 1261 137
-968 1243 150
-966 1222 202
-960 1130 22
-944 1277 6
-937 1067 45
-927 1173 11
-913 1039 69
-900 1022 82
-881 999 101
-879 1060 39
-861 1044 21
-846 1001 32
-842 956 140
-816 937 2
-797 914 17
-761 900 33
-758 870 56
-747 861 235
-730 809 252
-712 841 16
-703 824 191
-685 771 297
-663 775 151
-647 740 247
-637 723 177
-622 689 316
-608 650 330
-602 675 324
-601 660 305
-595 695 185
-585 628 321
-578 615 314
-570 598 274
-561 572 283
-554 566 290
-541 549 277
-540 565 224
-534 629 194
-518 540 212
-505 509 241
-498 519 198
-489 496 275
-483 498 219
-474 472 228
-474 507 208
-461 468 269
-456 466 246
-447 456 255
-420 442 282
-413 452 97
-409 423 355
-395 391 109
-381 378 349
-371 357 107
-350 382 34
-337 314 123
-335 309 143
-334 323 56
-323 356 31
-319 298 159
-310 304 150
-307 282 93
-284 277 70
-277 271 63
-250 236 210
-239 220 185
-223 207 169
-209 215 131
-189 209 157
-170 172 116
-164 183 110
-159 173 105
-145 236 91
-132 159 78
-121 245 49
-103 137 73
-96 171 24
-87 130 55
-66 103 12
-54 79 0
-42 62 12
-31 50 1
#
