#
-1181 1485 17
-1168 1471 4
-1162 1454 36
-1137 1434 29
-1111 1423 55
-1084 1386 114
-1080 1335 118
-1077 1367 107
-1077 1392 89
-1067 1303 117
-1062 1308 112
-1048 1259 136
-1035 1197 45
-1016 1174 64
-1010 1152 70
-1000 1121 80
-985 1091 95
-978 1057 102
-962 1070 72
-961 1032 107
-939 1055 51
-924 1017 156
-917 1011 163
-914 1003 26
-903 972 37
-889 949 1
-880 888 14
-864 879 30
-851 947 3
-844 851 10
-820 846 14
-804 828 2
-788 819 88
-779 752 75
-759 741 95
-736 773 6
-732 727 100
-717 763 13
-711 699 7
-690 677 228
-685 645 223
-678 611 216
-653 668 159
-647 667 57
-639 643 167
-637 618 175
-634 658 140
-629 656 67
-616 577 154
-602 558 292
-602 597 140
-598 556 172
-588 566 126
-576 513 300
-569 539 157
-549 495 305
-542 489 244
-534 497 236
-515 509 53
-502 442 392
-502 473 330
-489 484 317
-488 458 230
-466 418 428
-463 412 391
-458 431 348
-448 395 338
-443 380 411
-427 455 277
-412 371 374
-412 377 358
-404 410 254
-400 346 368
-396 384 318
-376 388 256
-371 347 261
-363 333 269
-359 334 209
-359 385 191
-347 327 285
-341 318 247
-327 314 135
-278 283 184
-258 267 204
-247 253 215
-221 274 189
-215 212 65
-186 203 90
-165 180 111
-154 166 122
-138 158 106
-130 130 20
-106 111 44
-64 76 32
-43 54 11
-32 42 0
#
