#
-1155 1674 15
-1147 1661 7
-1123 1592 17
-1120 1596 4
-1111 1581 5
-1093 1504 47
-1081 1478 59
-1065 1422 11
-1039 1387 85
-1035 1366 19
-1032 1353 14
-1018 1323 4
-982 1287 64
-981 1273 63
-968 1261 50
-952 1251 34
-927 1295 9
-920 1216 94
-911 1174 133
-908 1182 10
-900 1163 122
-881 1150 103
-878 1138 100
-869 1140 81
-865 1168 53
-848 1115 70
-838 1083 60
-813 1055 35
-807 1072 29
-786 1053 246
-773 1010 281
-767 1014 255
-757 961 265
-757 970 235
-735 1025 223
-728 979 216
-719 932 259
-712 917 272
-695 881 203
-679 864 157
-656 913 144
-650 907 138
-638 847 198
-636 855 176
-630 832 424
-624 842 164
-617 819 437
-614 789 396
-601 770 421
-597 708 457
-596 767 390
-587 707 435
-569 739 417
-562 705 410
-551 748 331
-538 662 448
-529 726 369
-525 590 493
-519 603 379
-509 579 477
-509 684 303
-505 581 473
-504 687 284
-493 555 461
-483 575 343
-476 634 336
-470 601 318
-458 663 310
-447 569 353
-434 501 402
-416 490 384
-400 495 368
-387 475 355
-368 644 144
-352 537 170
-337 540 155
-311 520 129
-300 456 192
-272 465 188
-266 440 194
-262 409 230
-252 421 208
-250 511 148
-236 386 204
-215 386 183
-194 404 6
-188 340 36
-188 368 12
-163 330 61
-161 262 21
-142 302 6
-138 242 44
-124 178 16
-110 165 38
-90 131 2
-64 76 32
-45 102 13
-32 111 0
-22 54 10
#
