#
-1087 1711 3
-1076 1587 0
-1063 1530 13
-1058 1526 18
-1054 1475 22
-1039 1434 37
-1033 1420 43
-1015 1357 61
-1011 1306 39
-997 1285 43
-997 1408 7
-993 1241 39
-987 1220 15
-978 1192 24
-963 1143 9
-954 1115 0
-918 1084 36
-893 1077 61
-877 1041 77
-849 1035 105
-849 1056 17
-836 1008 118
-824 999 130
-813 1012 69
-790 935 164
-788 989 94
-787 971 131
-779 920 153
-764 916 138
-754 905 128
-747 897 207
-736 882 196
-711 866 171
-695 853 69
-670 870 44
-664 850 254
-644 803 388
-641 778 313
-628 758 404
-615 758 287
-605 690 349
-605 735 309
-605 747 277
-589 639 365
-580 740 252
-579 697 323
-570 636 332
-563 620 339
-563 655 319
-547 589 355
-535 613 297
-527 554 355
-525 542 407
-510 550 392
-500 539 382
-484 527 398
-482 476 450
-468 483 414
-467 472 435
-460 506 342
-457 460 425
-456 536 232
-445 642 181
-440 572 230
-433 469 261
-427 440 373
-418 450 300
-414 459 242
-394 440 222
-387 431 269
-378 438 238
-374 398 320
-363 376 331
-363 428 307
-352 413 114
-332 383 108
-319 342 147
-297 370 113
-288 373 32
-260 271 206
-249 249 217
-232 260 178
-215 310 97
-194 228 162
-187 233 133
-176 211 144
-148 198 116
-114 161 58
-87 171 55
-86 127 54
-59 111 27
-45 152 13
-44 68 12
-25 55 7
#
