#
-1178 1512 90
-1170 1479 92
-1146 1443 68
-1128 1426 50
-1117 1408 83
-1107 1442 19
-1090 1372 36
-1075 1364 51
-1063 1327 25
-1058 1306 20
-1056 1316 18
-1031 1286 7
-1020 1272 14
-1005 1254 263
-988 1212 212
-977 1243 201
-971 1192 229
-968 1176 232
-951 1165 175
-933 1151 251
-918 1112 208
-910 1109 128
-898 1069 140
-887 1052 151
-871 1041 135
-854 1030 78
-848 1014 190
-828 1008 52
-811 988 69
-811 1091 25
-797 984 55
-795 957 137
-782 991 54
-771 970 29
-755 936 45
-753 914 281
-748 854 330
-734 841 316
-696 810 328
-691 823 323
-672 780 342
-658 837 236
-642 827 252
-640 908 178
-631 772 263
-624 750 256
-611 737 139
-610 704 138
-604 683 132
-579 654 157
-573 602 155
-564 581 146
-552 576 184
-551 635 107
-538 562 120
-533 549 203
-513 539 145
-502 521 208
-491 598 97
-484 553 104
-474 614 62
-463 498 195
-440 455 270
-421 471 251
-415 445 295
-409 438 301
-397 441 285
-384 384 352
-380 387 348
-359 418 299
-353 474 241
-345 347 313
-324 408 212
-310 332 278
-289 436 125
-283 313 135
-266 381 108
-231 279 83
-231 404 81
-213 241 117
-203 271 45
-181 204 149
-175 221 143
-165 245 5
-149 217 99
-128 170 20
-100 159 8
-95 131 63
-84 135 28
-76 118 44
-70 112 38
-62 87 30
-44 65 12
-32 42 0
#
