#
-11253 45758 85
-11219 45748 84
-11006 45119 153
-10995 45006 153
-10649 44816 341
-10370 43538 883
-10264 43289 881
-10062 44194 499
-9939 43010 1030
-9893 43758 668
-9831 42907 832
-9728 42550 832
-9441 38489 1897
-9428 41096 975
-9351 39239 1465
-9325 40028 1063
-9279 38630 1261
-8918 38036 1849
-8765 39218 1137
-8542 36199 1861
-8424 37149 1333
-8211 38772 1039
-7985 34803 1475
-7953 34791 1507
-7928 34228 1410
-7911 32867 1850
-7605 33751 1424
-7562 33923 1381
-7511 31691 1854
-7250 33738 1368
-7206 31256 1837
-6964 32133 1736
-6806 30574 1740
-6768 30526 1896
-6678 29594 1895
-6554 29008 1562
-6453 28206 1776
-6439 28061 1790
-6207 27470 1596
-6055 27119 1776
-6027 26510 1794
-5703 27663 1516
-5674 25240 1743
-5461 26335 1608
-5426 24903 1658
-5382 24319 1752
-5097 22810 1874
-5068 22480 1875
-4891 20969 1783
-4839 21378 1658
-4440 19623 1861
-4298 21257 1631
-4143 20434 1464
-3994 18831 1798
-3835 19846 1617
-3780 18121 1798
-3738 19111 1680
-3634 18494 1749
-3494 17474 1550
-3428 16938 1812
-3202 14789 1709
-3166 14235 1709
-3026 17345 1232
-2906 15253 1396
-2762 11982 1883
-2756 15596 1207
-2629 13201 1697
-2581 13312 1190
-2353 12612 900
-2200 9637 1831
-2189 9111 1879
-1951 10855 851
-1832 8070 1734
-1758 9262 1066
-1647 8263 798
-1635 9243 795
-1518 8178 703
-1430 6355 703
-1396 7127 602
-1384 5519 622
-1229 5279 618
-936 5121 750
-925 4994 761
-840 3929 633
-794 5272 302
-731 3469 446
-727 2627 569
-677 3031 390
-662 5010 251
-546 2130 426
-524 2751 278
-492 3379 203
-390 1891 132
-285 1611 133
-203 1035 49
-186 837 0
-127 294 24
#
