#
-9267 45721 130
-9105 45120 151
-8925 44949 344
-8847 44841 344
-8657 44410 407
-8535 43911 430
-8518 43896 413
-8422 42966 278
-8130 42579 237
-7915 41416 1266
-7791 40675 1276
-7773 40187 1278
-7741 38551 1596
-7549 39647 1260
-7393 37441 1572
-7301 37307 1508
-7206 36589 1572
-7112 41825 796
-6908 35745 1409
-6818 38973 838
-6717 35525 1370
-6561 39356 658
-6445 38087 695
-6285 33347 1608
-6107 32287 1499
-5927 35011 1299
-5875 36129 777
-5802 31766 1390
-5786 34037 884
-5786 34444 865
-5723 30543 1409
-5638 35670 715
-5482 32591 944
-5377 31097 899
-5205 29925 1256
-5053 29441 1429
-4858 29456 1369
-4795 25752 1608
-4757 28970 1115
-4649 28795 1211
-4599 24761 1500
-4442 28071 1142
-4362 26432 1349
-4320 26172 1214
-4060 24172 1229
-4047 22586 1304
-4010 21994 1321
-3887 22564 1204
-3822 21344 1216
-3611 24335 1091
-3568 23999 1163
-3447 23325 1183
-3296 21290 1079
-3198 20370 1085
-3104 20115 1173
-3001 18653 1231
-2946 18192 1144
-2848 17439 1151
-2631 14332 1332
-2460 18824 1061
-2369 17252 1055
-2305 15725 1172
-2200 16891 969
-2175 16504 992
-2081 14774 1159
-1956 12727 1437
-1874 11007 1560
-1860 13427 1021
-1853 10623 1454
-1766 11942 1045
-1665 8794 1517
-1621 9905 1056
-1379 11630 549
-1329 11526 482
-1312 11212 481
-1228 10933 588
-1121 8890 433
-1048 8516 547
-916 9104 360
-831 7522 416
-743 7913 320
-656 6347 333
-558 6343 191
-535 5508 221
-513 4356 251
-491 5431 217
-459 3643 324
-408 3348 281
-346 3217 129
-249 2391 152
-244 1978 96
-173 1424 54
-115 333 18
-108 781 0
#
