#
-5500 35837 72
-5455 35219 76
-5412 34867 79
-5337 34341 101
-5273 32382 175
-5272 31907 175
-5257 33981 138
-5186 33483 149
-5157 30893 146
-5147 31376 128
-5093 30730 159
-5071 30234 151
-5039 29983 128
-4965 29463 181
-4936 29370 176
-4882 28413 234
-4788 27804 357
-4723 27453 358
-4687 27402 394
-4670 26757 347
-4502 25016 321
-4502 26527 313
-4478 25852 310
-4427 24827 396
-4377 23717 342
-4363 23607 332
-4296 22786 337
-4283 22184 289
-4231 21871 308
-4159 21667 276
-3995 21280 351
-3948 20513 442
-3866 19983 371
-3811 19602 365
-3727 19076 608
-3639 19058 335
-3632 17569 509
-3521 17372 570
-3482 18371 335
-3425 16653 748
-3348 15643 493
-3303 15581 471
-3212 15361 458
-3077 14595 689
-3046 14482 720
-2906 13828 676
-2822 13199 732
-2742 13046 748
-2716 12425 692
-2645 12100 609
-2623 11992 631
-2517 11738 655
-2460 11449 541
-2397 10915 643
-2360 10987 618
-2334 10900 633
-2231 10179 558
-2132 9478 701
-2095 9253 724
-2061 9016 627
-2034 8758 637
-1976 9538 618
-1852 8335 562
-1754 7930 547
-1665 7579 590
-1648 7047 529
-1547 6588 634
-1520 5890 504
-1426 5724 535
-1379 5680 427
-1323 5419 483
-1264 4813 516
-1177 5409 510
-1142 4542 447
-1052 3626 397
-1017 3616 432
-937 3325 411
-849 3135 456
-777 2389 446
-636 2206 218
-609 2124 226
-579 1972 248
-529 1935 257
-456 1259 0
-411 1154 45
-304 816 63
-304 884 59
-199 655 40
-124 405 21
-103 361 18
#
