#
-5751 44776 74
-5695 44592 73
-5659 44080 100
-5440 42808 261
-5341 42112 337
-5252 41582 317
-5148 40769 581
-5078 40004 589
-5061 38820 661
-5017 40322 405
-4960 39823 422
-4820 37076 624
-4762 37041 945
-4689 36839 948
-4631 35849 624
-4536 35208 624
-4372 34211 929
-4327 33730 940
-4248 32597 886
-4132 31622 949
-4112 31709 932
-4071 31434 884
-4001 30588 803
-3957 30180 803
-3924 29895 897
-3777 29088 922
-3748 28457 913
-3665 29300 881
-3630 27982 814
-3495 27846 941
-3487 27152 953
-3417 25570 880
-3307 24869 892
-3263 24677 922
-3174 23619 889
-3080 22963 784
-2920 22029 859
-2899 21800 880
-2829 20886 901
-2707 20404 710
-2602 19706 937
-2505 20175 650
-2500 17674 882
-2468 18830 787
-2368 19279 703
-2334 16693 781
-2245 16293 837
-2198 15794 759
-2096 15025 916
-2059 14835 765
-2051 14277 502
-1960 13685 826
-1949 14175 485
-1935 13752 634
-1833 13231 846
-1815 13907 543
-1748 11458 732
-1746 12309 720
-1668 11090 922
-1611 11186 799
-1597 11994 533
-1508 10500 456
-1453 10030 429
-1448 9459 547
-1404 9370 609
-1395 8408 268
-1377 8398 268
-1327 8086 249
-1264 7823 365
-1244 7627 392
-1220 7406 356
-1160 6976 173
-1097 6737 202
-1089 6354 1
-1073 5717 225
-1044 6166 24
-996 5638 219
-951 5052 332
-875 5569 107
-866 5112 285
-751 4252 163
-694 4066 163
-632 4240 161
-528 2945 139
-418 2306 308
-363 2150 148
-345 1780 173
-171 1126 87
-149 709 51
-103 388 19
#
