#
-11438 45714 137
-11420 45704 137
-11350 45582 112
-11170 44966 266
-11056 44571 207
-10966 44393 188
-10941 44315 213
-10664 44234 554
-10600 43801 523
-10417 43495 982
-10369 42971 807
-10339 42963 837
-10298 43117 738
-10036 42052 1071
-9961 41963 1028
-9801 41632 1383
-9706 42517 894
-9686 42456 934
-9589 41043 1532
-9417 38031 1900
-9341 40361 1297
-9271 40078 1309
-8873 37041 1863
-8795 36421 1840
-8719 39130 1241
-8596 35813 1903
-8589 38287 1580
-8458 36108 1892
-8405 38715 1269
-8327 37913 1476
-8274 36153 1555
-8162 37758 1513
-7976 38084 1133
-7963 38055 1120
-7619 35652 1686
-7503 35553 1606
-7408 34578 1542
-7169 34571 1476
-7111 35020 1419
-6976 31191 1823
-6710 32505 1673
-6614 30335 1872
-6574 29112 1754
-6397 33294 1606
-6180 29561 1748
-6165 33142 1636
-5910 28483 1772
-5856 27724 1754
-5793 26387 1816
-5477 28770 1716
-5372 27213 1674
-5228 24398 1778
-5180 25023 1761
-5044 23077 1760
-5043 25568 1698
-4774 23603 1660
-4583 22476 1816
-4483 21967 1859
-4409 19895 1789
-4182 17768 1928
-4053 20757 1667
-3899 19550 1679
-3680 16536 1696
-3436 18929 1356
-3414 18551 1324
-3209 16284 1642
-3093 15595 1709
-3079 17302 1244
-2828 12814 1789
-2641 14991 1166
-2433 10301 1921
-2384 13992 1047
-2340 12968 1203
-2230 10702 1686
-2186 16262 700
-2025 12355 1060
-1670 13787 591
-1661 13735 600
-1567 9416 1076
-1540 9250 1091
-1518 11651 640
-1506 9959 766
-1498 11605 660
-1398 8816 766
-1172 8262 566
-1074 5713 846
-961 5959 717
-890 6894 450
-857 6673 455
-846 7083 375
-823 7841 301
-776 5051 554
-559 3892 425
-528 4757 404
-450 2608 316
-271 2331 35
-263 1955 35
-228 989 0
-144 313 15
#
