#
-4101 22642 82
-4039 22486 120
-3958 21873 129
-3948 21084 162
-3938 21294 99
-3904 20364 108
-3869 19879 113
-3789 19485 195
-3788 19185 219
-3768 19072 219
-3731 18866 186
-3671 18810 173
-3597 18379 173
-3526 17747 135
-3503 17685 120
-3474 17217 131
-3430 16667 138
-3420 17141 95
-3369 15950 289
-3344 15092 260
-3336 16500 119
-3314 15032 230
-3269 15000 206
-3204 14831 206
-3171 14497 191
-3106 13684 424
-3106 14144 342
-3082 13674 400
-3046 13667 414
-3007 13131 280
-2941 12987 311
-2880 12029 317
-2838 11114 354
-2806 13491 265
-2798 11089 314
-2784 12526 236
-2713 10521 385
-2670 10285 395
-2645 10274 395
-2566 10039 326
-2485 9693 582
-2393 9687 643
-2357 9507 535
-2288 9097 570
-2257 8615 618
-2204 9225 565
-2163 8955 544
-2120 8219 543
-2060 7926 564
-1964 7521 499
-1916 7389 628
-1789 7780 481
-1764 6607 593
-1748 7056 526
-1672 6802 519
-1645 7272 505
-1640 6640 539
-1569 6256 500
-1556 5540 600
-1495 5369 611
-1467 5276 619
-1460 5095 604
-1441 5347 564
-1383 4753 591
-1312 5661 538
-1283 4590 437
-1253 4484 467
-1230 3984 597
-1131 4425 565
-1090 3758 478
-1054 3603 487
-990 3458 455
-895 2834 579
-843 3184 338
-803 3041 362
-736 2505 246
-694 2276 280
-645 2144 297
-628 1816 1
-587 1775 23
-524 1457 57
-457 1306 78
-415 1153 85
-359 973 256
-310 852 95
-254 1064 32
-230 921 41
-199 545 96
-103 361 18
#
