#
-6590 43678 93
-6493 43504 89
-6356 42939 115
-6338 42897 133
-6337 42929 127
-6197 41794 341
-6190 42300 195
-6155 41425 305
-6085 38777 516
-6027 38712 524
-5997 40859 292
-5972 40232 415
-5921 38084 492
-5882 39979 457
-5708 36255 491
-5690 37663 436
-5612 35622 426
-5475 35521 426
-5461 36813 416
-5393 35271 467
-5329 34269 466
-5175 33796 402
-5128 33660 359
-5046 31955 393
-5035 32764 382
-4980 32508 359
-4914 30732 382
-4888 30644 410
-4683 30163 1096
-4671 29499 1108
-4657 28359 1041
-4651 29801 916
-4578 28065 1058
-4474 27753 766
-4406 27623 786
-4398 27457 1092
-4322 27254 811
-4277 26498 995
-4236 25558 1036
-4221 27026 736
-4070 26524 908
-4062 25460 1028
-3947 23943 1012
-3885 25064 871
-3778 23214 844
-3670 22624 1001
-3597 22564 915
-3531 21332 942
-3440 23123 837
-3353 21867 924
-3329 20429 897
-3199 19189 936
-3170 18169 1020
-3159 19915 866
-3092 17908 1045
-3012 17126 1064
-2913 16385 794
-2881 16331 804
-2750 16104 945
-2695 15942 954
-2673 15501 980
-2599 14573 1062
-2558 15414 929
-2508 13872 800
-2427 13327 768
-2304 12758 803
-2271 12711 794
-2174 12060 663
-2085 11413 672
-2022 11116 708
-1969 10860 759
-1892 10270 1078
-1816 9209 670
-1629 8263 689
-1454 7610 706
-1371 7339 679
-1221 7260 1117
-1213 6339 616
-1151 5625 632
-1101 5237 632
-1058 4634 642
-851 4291 564
-844 4186 565
-715 3441 597
-706 3430 598
-585 3802 225
-470 2825 239
-433 2767 245
-412 1817 224
-360 3071 83
-341 1964 156
-282 1231 162
-280 1542 152
-180 1178 0
-112 342 18
#
