#
-9093 45569 67
-8970 45083 108
-8759 44830 350
-8647 44666 306
-8455 43675 601
-8419 43538 560
-8073 43613 490
-8013 43115 504
-7869 40004 1070
-7850 41979 592
-7757 39204 1222
-7651 40813 782
-7639 40631 784
-7572 40131 883
-7510 39530 963
-7449 38972 1011
-7432 39725 906
-7431 37567 1485
-7312 39539 835
-7169 37745 1192
-7041 38334 1004
-6992 37781 1155
-6906 36936 1407
-6738 35943 1486
-6665 34387 1505
-6529 35248 1086
-6445 35029 1036
-6377 32499 1513
-6298 33787 1142
-6161 33257 1264
-6019 31462 1438
-5972 30449 1467
-5760 31814 1282
-5647 32711 1256
-5396 29364 1372
-5352 30181 1235
-5349 28389 1292
-5111 28646 1264
-4921 25877 1507
-4795 26231 1479
-4650 26056 1502
-4477 27121 1269
-4195 23747 1471
-4118 22859 1460
-4060 24914 1198
-3972 22667 1416
-3785 20633 1507
-3652 21376 1474
-3542 22202 1368
-3430 21336 1433
-3339 19893 1380
-3157 18873 1424
-3148 18765 1424
-3041 17901 1350
-2871 16894 1378
-2760 16873 1316
-2671 16143 1398
-2574 15269 1338
-2476 13534 1442
-2434 15514 986
-2344 16078 964
-2266 15186 943
-2197 14740 938
-2168 14429 974
-2150 12625 1426
-2036 12082 996
-1901 11384 1316
-1672 13123 655
-1616 11226 740
-1597 9212 1409
-1498 10249 733
-1422 10686 699
-1405 10491 682
-1344 11741 669
-1276 11487 365
-1211 8457 541
-1117 7161 589
-1041 5921 628
-985 6608 417
-912 6800 405
-875 6365 331
-801 8127 293
-765 4396 628
-707 7671 318
-694 4639 506
-688 8275 280
-660 5629 444
-496 4222 378
-470 4062 201
-461 5121 174
-383 2560 221
-359 3187 201
-309 3460 139
-290 2852 106
-243 2171 78
-195 1841 21
-174 1425 0
-123 359 10
#
