#
-3578 22408 94
-3554 22046 118
-3543 22395 94
-3503 21327 123
-3500 20274 71
-3485 19776 71
-3428 19172 74
-3364 18662 181
-3310 18098 203
-3276 17314 142
-3274 16940 133
-3228 18419 115
-3205 16783 160
-3159 16553 108
-3143 16106 203
-3107 15589 188
-3039 15314 107
-2987 14978 164
-2945 14510 171
-2944 13931 164
-2848 13603 143
-2817 12830 164
-2791 12819 190
-2737 12748 150
-2699 12622 139
-2672 12171 247
-2612 12138 240
-2601 12125 229
-2588 12128 216
-2579 12111 207
-2568 11892 520
-2469 11722 350
-2435 11618 383
-2375 10858 327
-2310 10628 308
-2279 10358 338
-2215 10094 327
-2208 9599 472
-2109 9293 514
-2107 9779 452
-2033 9071 284
-2024 8652 487
-2007 9060 284
-1947 8518 250
-1914 7810 452
-1850 7559 505
-1809 6668 472
-1807 8085 448
-1793 7231 310
-1790 8237 270
-1762 7160 298
-1747 7074 298
-1701 6349 479
-1691 6265 462
-1585 6017 421
-1552 6510 391
-1522 5865 409
-1461 4867 375
-1367 4570 376
-1352 4498 391
-1333 4506 376
-1272 4297 430
-1181 4042 409
-1149 4031 418
-1099 5499 359
-1034 3222 439
-1006 3343 396
-921 5027 359
-877 3047 399
-830 2883 418
-765 2413 399
-715 2227 455
-688 2115 428
-672 3438 359
-640 2845 237
-633 2018 430
-604 2797 255
-552 2530 251
-515 1644 168
-439 1245 4
-439 1332 1
-366 1164 196
-331 1022 196
-273 869 77
-260 827 64
-197 721 56
-181 648 46
-151 541 26
-103 361 18
#
