#
-2616 4275 2
-2567 4174 37
-2535 4115 83
-2514 4055 62
-2500 4043 76
-2480 4000 50
-2407 3964 169
-2384 3928 146
-2369 3823 249
-2343 3798 275
-2318 3736 300
-2314 3473 282
-2299 3724 231
-2278 3437 336
-2255 3554 197
-2243 3360 211
-2186 3235 244
-2148 3194 282
-2090 3163 148
-2050 3008 18
-2039 3048 7
-2019 2974 101
-1938 2902 492
-1929 2844 21
-1914 3184 0
-1883 2821 67
-1842 2719 242
-1819 2690 265
-1809 2656 209
-1775 2631 175
-1742 2591 688
-1698 2540 252
-1666 2463 764
-1584 2335 484
-1573 2375 473
-1567 2315 467
-1554 2494 108
-1541 2256 441
-1525 2248 425
-1493 2188 591
-1471 2158 649
-1442 2147 534
-1427 2123 641
-1370 2109 676
-1368 2036 582
-1338 1990 644
-1249 1931 347
-1217 1921 379
-1193 1751 839
-1178 1693 854
-1173 1688 859
-1128 1640 814
-1125 1863 771
-1111 1656 797
-1070 1545 838
-1055 1561 823
-1034 1525 908
-1028 1458 914
-1011 1443 897
-993 1441 879
-990 1422 952
-974 1433 934
-937 1381 613
-916 1332 684
-900 1385 546
-885 1312 561
-876 1265 724
-857 1216 743
-816 1201 784
-812 1168 738
-794 1158 756
-780 1125 666
-742 1088 704
-727 1078 373
-707 1005 393
-608 960 254
-603 862 451
-584 852 470
-569 797 531
-556 895 198
-527 704 375
-504 750 190
-470 649 432
-463 678 231
-427 616 395
-369 528 325
-330 518 292
-289 608 225
-238 392 86
-199 296 125
-189 321 115
-157 259 83
-132 222 38
-132 228 28
-108 130 4
-79 96 35
-41 59 3
#
