#
-2172 4492 4
-2145 4474 31
-2114 4365 0
-2093 4216 83
-2074 4137 40
-2071 4125 37
-2042 4078 8
-1996 3972 118
-1983 3960 131
-1976 3864 138
-1960 3502 108
-1956 3735 54
-1937 3385 131
-1928 3336 122
-1924 3607 86
-1882 3309 186
-1849 3183 31
-1848 3109 30
-1845 3012 7
-1822 2894 16
-1809 2882 3
-1754 2806 58
-1686 2745 166
-1681 2725 15
-1663 2628 143
-1625 2565 105
-1608 2552 88
-1556 2498 216
-1541 2451 365
-1527 2365 351
-1518 2432 178
-1485 2246 353
-1471 2312 295
-1449 2302 317
-1421 2163 245
-1366 2113 300
-1348 1990 172
-1326 1980 194
-1261 1929 259
-1204 1834 648
-1186 1822 666
-1169 1811 649
-1148 1756 592
-1126 1640 570
-1100 1571 630
-1094 1877 426
-1093 1615 603
-1083 1557 613
-1063 1547 633
-1017 1545 679
-1001 1464 805
-997 1480 699
-971 1457 725
-963 1409 767
-936 1422 760
-920 1372 810
-894 1333 768
-866 1079 310
-843 1067 333
-840 1213 284
-836 1203 280
-830 1049 274
-790 971 386
-779 1018 223
-709 921 293
-689 885 443
-685 895 381
-656 816 520
-656 845 410
-649 790 483
-616 750 450
-588 703 544
-523 652 479
-463 771 227
-432 713 236
-356 600 312
-313 544 147
-295 487 159
-288 453 152
-270 419 200
-257 339 213
-247 374 51
-212 331 86
-172 361 2
-153 251 43
-120 169 76
-105 179 61
-53 199 15
-41 59 3
#
