#
-2389 4044 33
-2369 4012 13
-2344 3999 38
-2338 3879 18
-2284 3816 72
-2235 3652 113
-2212 3770 0
-2180 3746 32
-2156 3521 200
-2139 3510 183
-2093 3438 263
-2084 3475 128
-2059 3386 297
-2010 3315 346
-1984 3305 372
-1965 3331 183
-1938 3269 274
-1891 3217 321
-1872 3243 110
-1839 3183 309
-1776 3120 206
-1775 2985 535
-1743 3053 469
-1734 3042 460
-1716 2921 640
-1696 2837 726
-1669 2890 653
-1645 2673 675
-1628 2957 354
-1617 2695 595
-1591 2610 621
-1572 2542 550
-1546 2457 576
-1507 2520 449
-1489 2400 467
-1444 2437 386
-1428 2282 528
-1426 2317 404
-1400 2231 430
-1343 2194 321
-1331 2146 431
-1328 2137 1094
-1314 2261 256
-1306 2133 1116
-1250 2046 280
-1223 1901 989
-1206 2031 916
-1204 1796 918
-1178 1748 944
-1152 1728 970
-1144 1696 978
-1131 1876 109
-1124 1674 998
-1121 1654 835
-1105 1791 135
-1098 1649 1024
-1095 1606 861
-1073 1596 883
-1061 1553 895
-1015 1506 941
-964 1418 798
-940 1381 822
-940 1503 630
-895 1326 769
-868 1295 702
-822 1248 748
-817 1448 153
-807 1235 763
-799 1438 171
-754 1184 520
-737 1082 503
-703 1030 537
-690 1354 164
-657 983 583
-625 985 391
-597 916 479
-589 930 423
-575 906 501
-494 937 214
-454 854 446
-445 799 219
-406 748 120
-358 694 168
-346 663 180
-300 600 226
-285 587 241
-228 512 62
-228 533 26
-204 475 86
-196 361 84
-162 294 118
-147 270 79
-136 172 98
-111 205 7
-83 107 39
-56 113 12
-41 59 3
#
