#
-2024 4575 60
-1997 4554 33
-1991 4478 93
-1965 4467 67
-1939 4450 93
-1937 4307 27
-1911 4296 53
-1862 4032 48
-1856 3926 42
-1852 4182 6
-1836 4021 22
-1835 3879 63
-1814 3748 0
-1793 3701 21
-1762 3644 42
-1758 3685 14
-1681 3606 63
-1673 3574 225
-1664 3561 234
-1638 3543 208
-1631 3396 183
-1622 3383 192
-1587 3366 157
-1552 3315 346
-1538 3277 426
-1518 3264 446
-1510 3137 304
-1463 3003 351
-1455 3101 289
-1443 2990 371
-1428 2986 316
-1408 2974 336
-1384 2959 700
-1361 2924 677
-1351 2890 733
-1337 2812 747
-1319 2740 765
-1318 2831 496
-1284 2729 730
-1271 2680 587
-1250 2544 660
-1249 2407 565
-1228 2360 544
-1196 2337 576
-1184 2188 630
-1163 2141 609
-1146 2194 556
-1103 2096 599
-1082 2002 732
-1066 2055 382
-1061 1954 711
-1026 1936 676
-992 1823 438
-975 1750 839
-945 1796 261
-931 1768 783
-909 1691 805
-878 1649 194
-860 1557 306
-833 1443 279
-792 1398 656
-785 1500 101
-753 1489 69
-735 1334 695
-711 1243 361
-699 1278 227
-688 1270 134
-671 1138 535
-668 1190 318
-618 1062 408
-598 1028 388
-556 941 516
-513 888 473
-463 793 423
-431 782 391
-413 851 271
-403 725 187
-385 653 169
-364 671 108
-325 595 147
-296 551 258
-283 467 67
-264 453 86
-234 386 116
-194 290 16
-176 215 40
-160 202 56
-109 151 69
-108 150 70
-90 110 46
-42 60 2
-41 59 3
#
