#
-2479 4575 7
-2459 4563 13
-2415 4503 71
-2349 4403 53
-2337 4335 41
-2257 4212 39
-2236 4162 60
-2150 4114 358
-2115 4036 353
-2093 3852 19
-2089 3571 31
-2062 3755 12
-2058 3510 0
-2043 3452 15
-2027 3419 31
-2001 3328 25
-1962 3274 14
-1952 3329 4
-1943 3244 177
-1919 3180 201
-1895 3067 225
-1875 3158 151
-1865 3056 255
-1851 2994 207
-1848 2944 178
-1836 3104 112
-1823 2849 153
-1790 2766 134
-1772 2918 54
-1749 2563 431
-1722 2562 458
-1706 2458 474
-1697 2678 27
-1677 2364 445
-1651 2474 407
-1627 2422 337
-1625 2290 349
-1614 2272 508
-1591 2248 347
-1541 2140 435
-1522 2073 416
-1505 2098 273
-1487 2011 255
-1478 2134 246
-1415 1970 309
-1349 1948 375
-1328 1825 96
-1318 1883 42
-1265 1733 159
-1233 1695 127
-1183 1597 107
-1172 1581 118
-1104 1391 128
-1076 1483 74
-1054 1336 52
-1027 1309 79
-1016 1246 90
-1000 1227 106
-963 1191 143
-897 1153 209
-890 1132 216
-875 1120 231
-814 1175 170
-806 1164 162
-747 943 359
-709 1066 285
-679 805 427
-616 783 576
-607 648 499
-585 628 567
-585 629 521
-575 600 531
-529 737 465
-519 707 475
-505 770 397
-484 674 444
-476 888 388
-459 918 325
-459 1011 293
-454 839 366
-432 647 388
-378 685 296
-376 700 268
-357 651 317
-344 577 300
-331 560 313
-254 504 170
-234 416 190
-168 350 84
-131 318 45
-94 281 8
-74 167 34
-73 182 9
-63 88 45
-42 119 2
-31 40 13
#
