#
-2432 4191 10
-2417 4174 5
-2391 4028 51
-2356 4018 16
-2334 3985 38
-2256 3921 152
-2238 3758 134
-2203 3640 239
-2168 3552 274
-2163 3436 179
-2162 3317 178
-2140 3284 156
-2109 3180 187
-2093 3154 247
-2076 3148 220
-2047 3013 13
-2022 2959 38
-1987 2845 73
-1962 2859 22
-1938 2785 122
-1931 2755 9
-1880 2703 60
-1829 2637 111
-1806 2619 88
-1726 2553 334
-1724 2552 266
-1711 2542 253
-1704 2531 286
-1644 2401 130
-1622 2273 362
-1558 2137 298
-1540 2117 280
-1491 2093 431
-1489 2052 229
-1472 2041 212
-1438 2022 378
-1422 1997 394
-1400 1969 522
-1369 1914 109
-1359 1886 99
-1279 1859 483
-1259 1810 199
-1248 1793 470
-1229 1789 169
-1214 1787 642
-1192 1745 624
-1160 1630 824
-1152 1673 306
-1145 1513 839
-1113 1501 703
-1082 1491 734
-1079 1491 669
-1067 1457 707
-1063 1357 757
-1055 1450 719
-1051 1356 745
-1043 1339 803
-1030 1328 786
-1027 1408 691
-1024 1327 772
-984 1538 388
-980 1514 412
-948 1269 770
-882 1200 802
-852 1106 546
-839 1112 533
-825 1076 573
-806 1100 566
-731 967 667
-689 1009 571
-680 1007 580
-652 986 608
-617 960 443
-589 932 471
-552 909 508
-548 850 330
-526 836 352
-498 792 280
-475 780 303
-420 756 376
-335 646 291
-329 524 3
-310 519 50
-262 341 44
-235 434 5
-217 293 1
-190 238 116
-157 227 83
-148 196 104
-111 203 67
-106 180 32
-74 138 0
-72 78 28
-41 59 3
#
