#
-2411 4308 65
-2385 4282 91
-2312 4119 0
-2228 4021 84
-2194 3962 4
-2174 3939 302
-2124 3851 352
-2092 3765 220
-2068 3691 244
-2046 3693 174
-2022 3619 198
-1996 3637 124
-1926 3340 420
-1909 3326 403
-1878 3276 372
-1860 3500 360
-1849 3499 349
-1848 3241 342
-1825 3228 319
-1817 3125 529
-1791 3099 503
-1758 3077 554
-1721 2932 625
-1709 3003 481
-1704 2917 608
-1689 2971 183
-1665 2897 159
-1656 2856 594
-1626 2822 564
-1603 2808 541
-1580 2756 292
-1500 2645 272
-1465 2622 237
-1434 2475 338
-1394 2563 106
-1376 2426 970
-1352 2390 838
-1345 2339 1001
-1315 2355 875
-1308 2302 1004
-1300 2257 1046
-1290 2286 960
-1283 2243 1029
-1267 2241 923
-1265 2227 985
-1246 2182 1100
-1226 2215 1086
-1216 2145 1130
-1188 2105 1002
-1152 2019 672
-1115 1969 1075
-1102 1941 752
-1069 1947 703
-1058 1883 714
-1039 1814 785
-1026 1834 746
-1012 1783 826
-1000 1753 854
-967 1746 887
-947 1639 907
-920 1693 852
-906 1611 866
-891 1696 811
-890 1516 616
-858 1473 648
-843 1432 663
-823 1421 683
-821 1386 685
-812 1312 476
-781 1301 507
-739 1267 465
-733 1252 591
-718 1206 570
-685 1107 411
-668 1096 394
-632 1053 430
-601 1002 461
-570 924 526
-523 901 479
-473 851 199
-410 851 262
-406 757 266
-337 606 63
-320 503 16
-277 466 3
-230 395 44
-190 251 146
-175 417 29
-163 301 23
-130 210 56
-121 201 81
-93 179 49
-74 98 30
-58 92 14
-41 59 3
#
