#
-2385 4155 15
-2340 4107 60
-2282 4061 118
-2254 3944 92
-2228 3911 118
-2191 3788 15
-2164 3753 0
-2134 3626 52
-2110 3507 52
-2043 3458 67
-2000 3423 164
-1973 3309 137
-1945 3223 217
-1919 3190 191
-1892 3081 294
-1880 2982 282
-1844 2918 318
-1801 2868 309
-1789 2874 263
-1776 2746 198
-1765 2468 211
-1740 2367 236
-1738 2624 160
-1720 2325 256
-1715 2601 183
-1711 2247 175
-1686 2211 150
-1667 2200 169
-1643 2132 193
-1630 2088 98
-1610 2076 78
-1589 2013 139
-1576 1959 22
-1552 1806 26
-1540 1896 14
-1488 1708 38
-1441 1682 85
-1393 1626 111
-1361 1596 79
-1330 1557 48
-1309 1496 69
-1283 1500 49
-1259 1471 319
-1219 1431 335
-1212 1419 366
-1207 1391 267
-1184 1381 244
-1172 1345 278
-1134 1390 194
-1112 1339 266
-1082 1296 296
-1047 1227 531
-1015 1159 499
-1015 1261 497
-983 1129 467
-956 1114 494
-945 1122 483
-939 1128 447
-904 1076 546
-895 1064 555
-855 1075 363
-822 974 704
-821 968 671
-805 937 655
-789 931 715
-787 933 569
-772 917 754
-757 858 599
-746 832 728
-737 846 619
-710 835 646
-705 799 687
-667 1027 463
-624 751 506
-605 717 587
-559 719 381
-514 613 440
-507 612 433
-484 584 410
-479 583 461
-463 570 389
-445 547 401
-432 530 414
-402 528 384
-318 393 172
-255 323 237
-249 341 131
-221 290 203
-199 283 181
-175 445 29
-161 414 43
-139 386 65
-126 190 52
-80 104 6
-31 40 13
#
