#
-2738 4332 40
-2699 4251 1
-2672 4202 28
-2622 4248 22
-2605 4176 93
-2578 4178 66
-2534 4077 244
-2509 4048 219
-2445 3924 255
-2433 3991 197
-2408 3919 118
-2363 4103 73
-2351 3760 293
-2342 3825 148
-2244 3794 144
-2235 3566 55
-2208 3484 28
-2150 3463 40
-2138 3671 0
-2133 3312 477
-2122 3062 656
-2089 3145 541
-2084 3238 428
-2060 2971 640
-2054 3079 458
-2030 3013 482
-2011 3009 465
-1990 2903 570
-1966 2843 546
-1956 2922 536
-1941 2801 659
-1939 2790 711
-1914 2779 686
-1900 2708 672
-1887 2664 605
-1859 2732 265
-1838 2629 242
-1804 2513 376
-1776 2455 404
-1764 2563 336
-1735 2318 453
-1683 2261 497
-1628 2234 552
-1617 2283 441
-1550 2374 52
-1532 2036 62
-1509 1990 39
-1492 2089 6
-1478 1958 8
-1419 1871 131
-1390 1859 108
-1361 1791 103
-1349 1705 121
-1282 1644 106
-1249 1568 33
-1165 1565 323
-1132 1477 462
-1115 1461 371
-1084 1489 340
-1046 1358 302
-989 1314 233
-971 1216 205
-950 1243 168
-931 1106 187
-871 1050 743
-871 1080 723
-864 1051 730
-826 1032 82
-826 1397 58
-811 1027 615
-776 968 506
-744 883 610
-723 794 705
-708 767 594
-694 754 492
-651 653 577
-605 672 471
-597 629 551
-528 643 380
-496 607 412
-473 588 389
-435 702 295
-422 736 248
-399 561 345
-381 538 363
-344 541 326
-308 730 174
-273 622 139
-211 554 67
-172 418 102
-150 391 124
-148 306 130
-113 328 95
-107 187 89
-107 217 45
-89 137 45
-70 123 52
-31 40 13
#
