#
-2610 4397 0
-2573 4346 37
-2516 4320 60
-2507 4316 29
-2477 4236 1
-2419 4233 117
-2377 4101 233
-2351 4076 105
-2300 4019 156
-2223 3988 79
-2219 3935 411
-2209 3848 401
-2173 3834 283
-2143 3768 313
-2102 3760 242
-2072 3698 242
-1983 3674 627
-1940 3495 670
-1925 3365 685
-1908 3437 668
-1906 3591 550
-1895 3355 715
-1858 3289 620
-1823 3057 753
-1801 3187 563
-1782 2980 794
-1776 3225 538
-1767 3186 577
-1721 3058 593
-1717 2834 775
-1711 2656 859
-1642 2611 850
-1595 2815 695
-1574 2744 770
-1535 2684 809
-1530 2484 716
-1510 2313 736
-1510 2445 732
-1498 2405 646
-1439 2626 451
-1416 2367 414
-1396 2262 468
-1396 2526 326
-1371 2210 519
-1352 2157 478
-1349 2146 497
-1332 2071 558
-1307 2033 533
-1287 2144 435
-1284 2072 510
-1263 2129 459
-1248 2006 474
-1193 1915 671
-1164 1933 74
-1109 1914 121
-1086 1821 184
-1084 1731 174
-1070 1709 142
-1043 1596 169
-1037 1691 109
-1014 1524 198
-993 1446 219
-985 1567 85
-958 1408 184
-931 1396 71
-881 1313 21
-856 1174 4
-837 1047 63
-823 1162 19
-754 1061 22
-749 960 23
-716 1094 12
-689 1064 15
-627 847 105
-613 792 91
-589 773 115
-508 649 394
-483 695 369
-473 742 353
-463 590 389
-463 732 263
-438 728 294
-413 597 361
-385 425 341
-337 621 131
-322 555 268
-291 365 231
-288 431 216
-223 400 205
-205 281 187
-151 516 67
-138 362 54
-85 158 67
-85 164 25
-62 230 22
-31 40 13
#
