#
-3194 9002 55
-3132 8925 116
-3127 8930 16
-3068 8848 61
-3004 8597 100
-2954 8481 294
-2926 8184 152
-2897 7798 184
-2878 7685 203
-2823 7413 136
-2808 7067 343
-2789 7290 128
-2763 7279 102
-2703 6631 184
-2694 6503 159
-2649 6929 0
-2635 6368 140
-2574 6186 66
-2553 6165 243
-2498 6036 58
-2476 5935 36
-2375 5712 84
-2282 5612 514
-2257 5587 538
-2236 5566 477
-2197 5472 516
-2158 5399 307
-2140 5385 307
-2125 4705 770
-2104 5168 355
-2080 5093 379
-2074 4631 821
-2044 5009 415
-2033 5279 285
-1997 4286 568
-1960 4125 605
-1922 4940 396
-1900 3987 585
-1892 4901 366
-1841 3760 751
-1789 3641 723
-1765 3600 747
-1718 3507 874
-1678 3384 834
-1601 3308 763
-1583 3335 621
-1561 3320 484
-1544 3271 561
-1510 3181 497
-1458 3081 722
-1437 2956 570
-1407 2853 716
-1333 2674 730
-1333 2794 642
-1241 2766 616
-1209 2407 776
-1173 2372 652
-1161 2268 687
-1112 2146 754
-1069 1927 777
-1038 1940 682
-958 1647 792
-940 1887 589
-931 1780 630
-877 1502 809
-857 1648 704
-847 1759 674
-845 2364 324
-838 1628 661
-827 2246 393
-810 1504 736
-759 1419 704
-715 1998 359
-715 2034 326
-670 1920 382
-626 1618 448
-564 1596 405
-503 1366 462
-499 1531 438
-462 1531 396
-390 985 212
-370 953 266
-346 1168 183
-332 996 169
-298 870 232
-286 776 211
-268 871 78
-198 564 109
-195 473 95
-164 362 121
-143 547 44
-107 192 13
-61 76 20
#
