#
-3677 8357 60
-3652 8334 85
-3559 8137 144
-3546 8108 165
-3530 7943 119
-3474 7898 98
-3462 7587 243
-3401 7524 279
-3359 7437 219
-3348 7362 230
-3264 7257 146
-3258 7229 212
-3214 6966 96
-3123 6911 99
-3109 6895 99
-3057 6718 421
-3027 6663 401
-3006 6649 420
-2961 6484 349
-2902 6438 329
-2886 6415 313
-2792 6204 392
-2753 6165 373
-2738 6181 358
-2673 5699 1064
-2659 5957 490
-2656 5943 493
-2623 5918 454
-2620 5903 457
-2572 5483 990
-2558 5749 389
-2538 5669 756
-2489 5646 643
-2478 5613 654
-2453 5591 629
-2422 5232 1046
-2416 4919 1080
-2384 4879 1076
-2367 4778 1086
-2366 4856 986
-2336 4659 892
-2273 4516 955
-2256 5059 691
-2214 4449 864
-2176 4386 944
-2129 4268 1099
-2063 4166 892
-2033 4061 942
-1978 3960 997
-1962 3915 1013
-1901 3786 825
-1878 3755 789
-1840 3733 814
-1823 3672 831
-1735 3560 958
-1677 3421 543
-1655 3356 775
-1609 3246 614
-1574 3113 821
-1497 2980 760
-1493 3135 687
-1456 2858 850
-1420 2817 814
-1403 2756 831
-1353 2610 568
-1295 2605 586
-1249 2356 920
-1237 2501 523
-1180 2239 924
-1163 2087 934
-1095 2373 518
-1073 1933 1003
-1001 1862 676
-996 1831 667
-984 1733 750
-976 1772 718
-955 1753 718
-925 1675 703
-855 2001 650
-825 1727 235
-775 1591 256
-674 1435 293
-613 1418 387
-590 1286 374
-561 973 0
-535 963 26
-526 843 35
-492 824 35
-456 773 77
-357 766 172
-348 529 133
-305 660 100
-269 563 54
-268 461 193
-248 447 207
-232 538 124
-149 354 41
-146 249 71
-61 76 20
#
