#
-3975 9276 25
-3886 9123 80
-3826 9016 106
-3716 8807 42
-3680 8619 281
-3614 8522 243
-3558 8417 200
-3522 8264 0
-3500 8119 22
-3408 7923 440
-3334 7778 340
-3292 7740 382
-3271 7489 612
-3211 7388 323
-3157 6957 365
-3142 7204 345
-3090 6598 384
-3029 6442 376
-3014 6367 391
-2955 6124 416
-2896 6103 416
-2886 6031 406
-2876 5763 445
-2850 5814 391
-2787 5661 248
-2774 5497 287
-2763 5639 272
-2750 5438 263
-2643 5282 546
-2619 5185 507
-2598 5268 486
-2578 5247 466
-2528 4970 369
-2407 4851 400
-2393 4798 74
-2297 4643 121
-2271 4430 112
-2240 4415 143
-2192 4257 80
-2092 4222 946
-2060 4148 1088
-2057 4059 1074
-2039 4002 1067
-2033 4196 1006
-1990 4127 1049
-1985 4236 938
-1953 3938 970
-1946 3786 1138
-1851 3328 727
-1851 3539 616
-1833 3222 792
-1809 3141 816
-1764 3102 861
-1704 2999 865
-1630 2967 905
-1587 2850 573
-1553 2627 651
-1529 2584 631
-1472 2768 530
-1431 2519 742
-1419 2362 700
-1325 2433 677
-1220 2456 629
-1165 2234 627
-1118 2155 580
-1075 1847 676
-1039 1728 747
-963 2434 495
-928 1489 721
-857 1435 720
-843 1955 618
-827 2169 525
-808 1275 774
-740 1396 665
-668 1340 593
-594 1463 320
-495 1082 288
-471 967 308
-442 1059 294
-420 1208 217
-341 1035 181
-324 1222 170
-296 843 133
-269 721 222
-190 460 42
-161 305 86
-147 286 100
-61 76 20
#
