#
-2621 7986 66
-2617 7907 66
-2595 7238 66
-2556 7070 105
-2516 7018 127
-2510 6988 105
-2507 6601 40
-2468 6433 57
-2422 6350 17
-2385 6241 31
-2368 5949 52
-2349 6095 25
-2331 5839 27
-2297 5807 32
-2277 5629 116
-2260 5614 99
-2226 5481 79
-2193 5117 332
-2176 5368 227
-2153 5209 190
-2136 5037 303
-2122 4958 274
-2119 5177 173
-2074 4709 280
-2048 4851 149
-2034 4587 295
-2016 4579 292
-1997 4477 258
-1972 4339 302
-1913 4169 267
-1838 4114 470
-1832 3919 186
-1811 3872 164
-1788 3841 187
-1753 3763 83
-1718 3684 428
-1669 3470 379
-1646 3455 402
-1621 3374 354
-1555 3234 635
-1530 3170 623
-1528 3297 520
-1525 3237 605
-1505 3151 623
-1482 2997 590
-1431 2899 641
-1415 2792 495
-1382 2748 474
-1343 2620 536
-1334 2562 564
-1304 2526 587
-1290 2485 607
-1252 2464 459
-1246 2400 547
-1215 2246 555
-1213 2176 530
-1152 2118 591
-1149 2107 432
-1126 2434 373
-1053 1990 530
-1036 1977 545
-991 1883 449
-957 1835 483
-922 1816 518
-893 1699 351
-874 1688 400
-832 1550 424
-823 1514 392
-800 1463 409
-789 1543 365
-765 1451 409
-750 1394 506
-718 1308 491
-684 1260 491
-654 1158 210
-645 1049 214
-612 1212 0
-591 953 234
-564 943 237
-553 929 245
-543 845 316
-518 1012 73
-484 828 93
-447 766 316
-397 616 322
-362 618 181
-309 509 160
-291 546 142
-256 443 181
-224 356 177
-173 258 126
-133 271 64
-61 76 20
#
