#
-4458 9344 45
-4448 9329 35
-4404 9254 0
-4377 9199 17
-4316 9048 17
-4190 8874 90
-4161 8867 226
-4060 8494 334
-4014 8329 373
-4004 8668 154
-3964 7711 423
-3890 7416 508
-3829 7451 473
-3818 7254 462
-3758 8105 392
-3741 8083 375
-3656 8329 321
-3632 7048 444
-3630 6975 406
-3581 6748 416
-3574 6786 385
-3540 6650 375
-3435 6472 500
-3364 6455 571
-3286 6441 306
-3274 6218 99
-3218 6049 60
-3203 6039 75
-3101 5929 129
-3072 5835 129
-2948 5800 253
-2907 5789 294
-2817 5467 1046
-2797 5239 1089
-2787 5316 1056
-2764 5600 182
-2714 5078 1084
-2679 4954 1292
-2659 5052 1101
-2625 4894 1238
-2576 4785 1246
-2538 4684 1268
-2503 4985 1159
-2476 4624 1276
-2449 4598 1303
-2419 4509 1333
-2348 4528 640
-2308 4327 1170
-2296 4269 1217
-2255 4201 871
-2247 4381 741
-2235 4027 978
-2178 3816 978
-2106 4004 882
-2037 3755 995
-1987 3809 726
-1910 3588 1011
-1888 3502 1013
-1698 3434 697
-1690 3232 709
-1639 3149 616
-1610 3075 781
-1575 2849 912
-1539 3145 516
-1517 3133 494
-1416 2987 550
-1406 2687 1029
-1363 2657 691
-1345 2475 681
-1294 2446 660
-1275 2425 660
-1207 2326 804
-1206 2201 778
-1181 1966 896
-1060 1701 1026
-1012 1614 926
-992 1598 787
-967 1535 933
-878 1377 832
-827 2130 241
-722 2060 294
-707 2040 279
-680 1828 345
-628 1497 267
-514 1451 307
-486 1329 329
-473 1131 192
-410 1193 175
-382 932 217
-325 921 187
-278 902 55
-226 699 88
-188 453 108
-185 351 63
-97 176 45
-96 204 6
-61 76 20
#
