#
-4052 9459 14
-4046 9424 20
-3997 9325 40
-3874 9199 91
-3864 8973 0
-3801 8939 37
-3665 8660 199
-3631 8812 117
-3575 8574 190
-3469 8445 314
-3418 8361 277
-3334 8138 530
-3334 8251 513
-3318 8326 287
-3256 7930 599
-3256 8064 586
-3171 7672 265
-3119 7620 234
-3116 7377 236
-3086 7386 234
-3059 6990 203
-3019 6689 355
-2964 6906 206
-2917 6545 477
-2874 6738 116
-2783 6378 461
-2707 6270 385
-2674 6221 1190
-2609 6052 1255
-2576 5965 1272
-2528 5890 611
-2501 5687 682
-2467 5884 288
-2466 5529 711
-2379 5372 544
-2358 5343 565
-2280 5109 679
-2257 4854 620
-2224 4778 735
-2128 4605 639
-2077 4795 330
-2070 4534 993
-2047 4443 1130
-2045 4995 298
-2004 4226 987
-1992 4660 332
-1965 4435 960
-1948 4181 1103
-1904 4111 908
-1890 4006 922
-1844 3869 1147
-1789 3995 945
-1788 3688 1063
-1774 3680 1077
-1739 3775 1028
-1723 3795 870
-1698 3778 845
-1650 3665 732
-1615 3560 831
-1583 3557 803
-1532 3428 792
-1460 3184 742
-1417 2877 800
-1400 3255 707
-1360 2889 732
-1317 3064 454
-1257 2677 728
-1215 2620 785
-1115 2433 622
-1099 2292 566
-1026 2089 855
-981 1640 768
-906 1664 757
-864 1615 775
-838 1466 763
-816 1800 579
-797 2474 478
-756 2368 519
-740 2480 417
-704 1093 670
-682 2244 436
-648 2090 455
-603 1771 400
-523 1490 468
-493 1346 389
-474 1293 371
-384 1288 308
-346 1158 143
-234 935 173
-228 791 173
-180 427 67
-178 634 62
-178 901 53
-119 353 24
-94 250 50
-48 76 14
#
