#
-3411 8084 52
-3396 8025 53
-3289 7770 159
-3270 7776 125
-3208 7696 125
-3118 7460 215
-3062 7172 387
-3046 7287 355
-3029 7273 355
-3014 7045 420
-3002 7001 432
-2990 6696 383
-2987 6686 386
-2905 6448 384
-2900 6563 369
-2881 6432 408
-2841 6377 380
-2796 6229 346
-2717 6188 425
-2706 5994 346
-2648 5859 293
-2589 5753 343
-2554 5546 380
-2501 5592 326
-2452 5335 311
-2419 5162 197
-2389 5080 117
-2302 4921 74
-2231 4775 56
-2181 4501 795
-2174 4718 4
-2135 4659 30
-2094 4307 801
-2063 4228 699
-2036 4473 182
-2023 4106 714
-1965 3953 598
-1918 3780 554
-1878 3658 569
-1857 3721 490
-1831 3621 489
-1782 3594 665
-1774 3567 407
-1737 3439 441
-1718 3490 433
-1687 3369 633
-1632 3295 840
-1612 3344 607
-1582 3223 377
-1518 3055 1006
-1495 3158 686
-1464 2896 967
-1443 2884 946
-1411 2730 914
-1411 2799 899
-1395 3100 730
-1367 2676 958
-1350 2825 864
-1335 2633 776
-1292 2360 754
-1277 2308 769
-1222 2228 813
-1215 2395 656
-1180 2251 723
-1145 2169 618
-1078 1976 813
-1055 2084 702
-1042 2030 715
-996 2057 643
-983 1914 456
-980 1796 840
-916 1805 687
-864 1680 789
-825 2076 0
-780 1560 525
-765 1517 471
-702 1451 191
-681 1397 166
-636 1353 106
-595 1298 298
-522 1247 249
-505 1231 232
-476 1181 228
-467 961 252
-429 774 259
-391 688 275
-384 669 169
-358 588 311
-256 555 212
-253 513 212
-216 376 83
-176 297 135
-61 76 20
#
