#
-4798 9591 37
-4775 9568 42
-4712 9288 63
-4689 9257 86
-4553 9174 121
-4427 8748 327
-4400 8999 216
-4319 8927 135
-4315 8626 305
-4273 8589 282
-4214 8533 348
-4172 8524 383
-4128 8392 261
-4095 8300 410
-4074 8288 358
-4021 8087 301
-3942 8052 224
-3810 7886 419
-3778 7738 914
-3591 7460 827
-3536 7107 890
-3528 7109 850
-3394 7063 799
-3383 6995 1388
-3379 7293 776
-3353 6841 1000
-3312 6613 1455
-3280 6903 748
-3259 6783 1443
-3204 6645 577
-3093 6352 1296
-3009 6394 521
-2966 6222 1318
-2912 5975 1562
-2843 6171 1530
-2825 6063 651
-2760 5864 1368
-2749 5671 1262
-2748 5566 1418
-2674 5467 1337
-2669 5610 1304
-2616 5423 1495
-2485 5292 1170
-2484 5211 1150
-2468 5107 1227
-2413 4817 1428
-2388 5044 1175
-2343 4958 1273
-2330 4697 1465
-2269 4551 1526
-2197 4348 1520
-2153 4505 1495
-2079 4410 1047
-1977 5078 746
-1973 4081 1175
-1905 4248 1145
-1836 3825 1124
-1821 3815 1109
-1794 3890 1034
-1764 3675 1088
-1760 3648 1495
-1676 3438 1512
-1590 3348 1426
-1504 3141 1324
-1455 3296 1240
-1448 3405 1196
-1409 3507 990
-1343 2650 1268
-1316 3205 958
-1306 3081 1065
-1300 2945 1105
-1246 2868 537
-1242 2549 1201
-1125 2508 1019
-1090 2565 693
-1010 2364 601
-947 2344 686
-920 1956 619
-916 2187 473
-877 2107 524
-832 1865 657
-791 1780 563
-722 1460 582
-663 2336 359
-654 2197 255
-638 2075 334
-572 1705 347
-537 1489 334
-527 2229 203
-461 1591 187
-431 1345 358
-378 1223 155
-334 966 67
-298 850 143
-220 732 72
-196 537 84
-144 270 0
-61 76 20
#
