#
-4911 9521 10
-4870 9417 39
-4638 9339 69
-4617 9203 90
-4610 8914 254
-4553 8993 226
-4446 8688 261
-4373 8486 311
-4363 8475 321
-4290 8507 163
-4171 8311 374
-4125 8360 328
-4072 7861 719
-4028 8024 697
-4018 8172 379
-4007 7954 676
-3883 7743 586
-3869 7691 600
-3818 7444 646
-3775 7601 564
-3741 7367 541
-3683 7279 485
-3603 7177 447
-3544 7027 508
-3453 7004 847
-3409 6808 420
-3399 7415 369
-3386 6866 397
-3280 6631 1486
-3231 6738 1181
-3191 6481 1478
-3162 6633 468
-3137 6589 1238
-3106 6298 1463
-3044 6272 1611
-2977 5962 1597
-2956 5936 1597
-2909 6043 1012
-2827 5741 1401
-2757 5480 1295
-2662 5381 1390
-2646 5366 1372
-2623 5288 1380
-2607 5693 1137
-2606 5466 1068
-2541 5158 1052
-2529 5125 1300
-2462 4900 1535
-2442 4993 953
-2394 4842 1450
-2336 4670 1158
-2326 5187 881
-2273 4586 1347
-2271 4613 1107
-2242 4400 1288
-2237 4757 916
-2114 4464 1133
-2037 4538 885
-2024 4310 872
-1936 4260 989
-1872 3699 1514
-1724 4095 825
-1692 3837 1069
-1649 3822 1268
-1623 3323 1049
-1513 3212 1181
-1453 3033 1418
-1389 3112 1218
-1378 3470 1017
-1332 2993 756
-1315 2781 1202
-1288 2710 735
-1215 2558 896
-1181 2474 806
-1060 2164 886
-1039 2898 638
-1030 2184 839
-960 2121 899
-940 2065 906
-911 2159 714
-787 1880 737
-745 1971 192
-657 2245 74
-622 2391 66
-549 1591 97
-504 1406 184
-462 1773 39
-363 1041 198
-358 952 129
-345 809 284
-322 1347 125
-272 1154 119
-217 631 118
-187 595 117
-146 395 113
-120 490 86
-87 232 0
-61 76 20
#
