#
-4025 8711 84
-3927 8558 155
-3864 8407 133
-3847 8446 103
-3785 8280 131
-3780 8262 108
-3707 8084 129
-3650 7944 46
-3641 7151 441
-3630 7835 260
-3567 7685 175
-3504 6907 434
-3486 6763 500
-3477 7568 265
-3428 6686 558
-3398 7443 224
-3322 6359 336
-3301 6259 417
-3284 6249 434
-3203 6062 353
-3158 6081 308
-3077 5932 389
-3021 5708 514
-3009 5702 492
-2955 5544 365
-2924 5526 396
-2892 5336 368
-2851 5201 233
-2820 5164 202
-2775 5029 202
-2716 5059 188
-2700 4933 176
-2585 4792 348
-2529 4724 289
-2476 4534 1173
-2442 4546 1090
-2419 4430 1259
-2391 4447 1098
-2346 4292 1186
-2325 4228 1210
-2286 4141 1249
-2203 3974 1044
-2181 3924 1066
-2137 3712 1123
-2091 3670 931
-2083 3608 1001
-2032 3605 872
-1987 3470 872
-1930 3362 1001
-1886 3792 503
-1863 3276 960
-1850 3755 467
-1817 3199 970
-1771 3176 903
-1670 2966 837
-1654 2942 786
-1504 3055 722
-1485 2901 722
-1440 2765 677
-1426 2744 663
-1361 2532 790
-1352 2603 773
-1332 2655 569
-1250 2529 487
-1226 2273 844
-1220 2344 825
-1186 2021 826
-1163 1974 911
-1139 2190 598
-1124 2142 613
-1087 1794 753
-1071 1682 811
-1064 1807 704
-1030 1523 856
-982 1718 622
-932 1452 725
-906 1394 825
-836 1279 634
-756 1172 676
-662 1797 263
-643 1643 244
-628 1593 268
-576 1484 320
-488 1311 334
-467 1230 294
-442 1129 315
-375 1027 334
-357 740 138
-319 670 163
-319 847 125
-297 631 0
-200 399 27
-198 341 28
-177 269 50
-131 181 90
-61 76 20
#
