#
-3819 16083 114
-3758 15651 79
-3747 15657 74
-3696 15200 138
-3677 15145 138
-3614 14687 121
-3563 14497 192
-3544 14170 115
-3508 13929 126
-3445 14095 92
-3416 13332 517
-3414 13870 208
-3410 13743 290
-3364 13739 186
-3347 12881 474
-3319 12735 517
-3251 12361 499
-3251 12596 236
-3142 11675 495
-3117 11265 470
-3088 11142 441
-3023 12048 392
-3000 10955 455
-2952 10530 415
-2951 11974 308
-2929 10483 392
-2922 10150 553
-2879 9828 510
-2806 9642 565
-2743 9622 336
-2705 8805 541
-2654 8768 431
-2629 9268 336
-2589 9210 350
-2584 8385 535
-2549 8309 565
-2543 7840 333
-2493 7515 377
-2438 7246 372
-2373 7178 412
-2341 7079 300
-2315 7010 424
-2227 6724 300
-2219 6963 220
-2209 6934 241
-2158 6918 281
-2084 6579 157
-2078 6279 797
-2024 6150 835
-1998 6502 787
-1945 5812 816
-1932 5881 731
-1890 5758 777
-1873 5696 816
-1812 5186 691
-1800 5178 762
-1746 4928 780
-1692 4822 708
-1643 4695 621
-1642 5691 571
-1634 4567 659
-1600 4534 659
-1560 4678 565
-1490 4308 465
-1443 4141 503
-1365 4093 503
-1334 3802 669
-1303 3754 612
-1280 3696 669
-1249 3101 374
-1216 2918 403
-1179 2973 390
-1087 2831 482
-1028 2559 475
-921 2134 371
-841 2026 280
-796 1836 462
-768 1902 342
-714 1633 371
-651 1359 482
-650 1375 418
-600 1464 0
-549 1087 491
-537 1181 394
-512 1234 88
-369 948 118
-287 680 118
-222 497 136
-152 264 38
-125 255 57
-104 119 20
-77 110 29
#
