#
-2856 12244 86
-2830 12040 111
-2781 11688 130
-2773 11618 144
-2750 11719 45
-2739 11515 88
-2675 11163 69
-2672 11107 79
-2646 10948 74
-2641 10825 102
-2624 10811 119
-2607 10563 58
-2568 10375 209
-2516 10186 227
-2498 10149 269
-2469 9913 169
-2466 9900 172
-2420 9408 286
-2369 9754 204
-2368 9625 203
-2330 9584 165
-2316 8933 291
-2293 8800 255
-2220 8344 255
-2216 8293 222
-2181 8125 222
-2151 8104 192
-2089 7455 499
-2078 7647 192
-2062 7127 443
-2006 6829 499
-1958 6518 422
-1937 6488 443
-1888 6304 398
-1881 6191 499
-1857 6007 321
-1814 5701 361
-1778 5656 382
-1749 5439 329
-1737 5373 438
-1731 5075 278
-1677 4959 299
-1669 4780 355
-1637 4734 338
-1606 4436 153
-1560 4414 153
-1558 4336 165
-1483 4087 230
-1449 3922 183
-1414 3805 194
-1329 3687 513
-1312 3673 496
-1276 3559 474
-1253 3501 458
-1166 2910 461
-1155 3255 406
-1130 3165 378
-1097 3079 345
-1051 2857 381
-1050 2799 345
-987 2742 464
-971 2492 474
-926 2415 484
-885 2312 484
-822 2045 448
-814 2365 375
-774 2313 396
-768 1892 448
-729 1890 331
-704 1686 320
-650 1583 349
-624 1563 484
-557 1524 411
-556 1269 309
-479 1143 260
-413 915 240
-391 873 240
-379 907 211
-320 641 0
-294 513 26
-288 617 21
-248 432 40
-186 324 64
-172 273 11
-135 200 33
-132 172 46
-77 110 29
#
