#
-7008 19108 47
-6879 18925 90
-6834 18907 127
-6702 18728 137
-6556 18602 240
-6490 18413 296
-6269 18054 760
-6145 17792 785
-6064 17663 722
-5999 17584 705
-5806 16587 1044
-5776 17369 684
-5747 17356 713
-5674 16382 1314
-5586 16775 982
-5550 16765 946
-5409 15684 1328
-5404 16003 1224
-5275 15871 1224
-5265 14722 1690
-5096 14215 1754
-5076 15439 1020
-5048 15270 1079
-4996 14233 1699
-4935 15240 1064
-4851 15156 1003
-4748 14771 1292
-4662 14565 1192
-4592 14473 1122
-4581 13130 1672
-4508 13801 1606
-4442 12991 1631
-4291 13721 1341
-4274 13612 1265
-4191 12506 1712
-4174 12287 1634
-4064 12272 1689
-3995 13484 1157
-3922 11723 1613
-3844 11991 1597
-3791 11421 1670
-3707 12074 1582
-3658 11215 1494
-3605 9957 1675
-3501 9993 1659
-3456 9829 1648
-3370 9751 1743
-3300 10146 1497
-3124 10519 1495
-3105 9741 1582
-3044 9278 1463
-2918 11109 1243
-2888 10826 1235
-2754 9151 1685
-2727 8921 1712
-2719 9816 1339
-2556 7857 1695
-2517 8174 1533
-2452 8300 1416
-2381 7524 1597
-2208 8078 1376
-2164 6781 1680
-2062 8527 682
-1954 5447 1662
-1920 6258 1577
-1882 7118 835
-1874 5938 1441
-1805 6399 1425
-1726 5833 1383
-1575 5749 952
-1486 7051 529
-1405 5164 845
-1351 6878 501
-1260 4279 913
-1237 4331 881
-1170 5265 475
-1087 4733 546
-1032 4396 410
-914 3942 339
-853 3620 631
-848 3591 615
-794 4135 265
-787 3305 350
-784 2866 438
-768 2494 710
-691 2816 374
-626 2556 226
-601 2503 193
-587 1847 179
-449 1620 391
-419 1479 178
-408 918 0
-311 857 97
-229 697 91
-177 699 77
-77 110 29
#
