#
-6183 18959 24
-6001 18736 80
-5874 18484 148
-5822 18409 88
-5675 18118 73
-5538 17771 341
-5405 17481 308
-5391 17457 331
-5316 17169 627
-5205 16965 650
-5192 16948 606
-5119 16866 582
-5097 16824 564
-4993 16382 650
-4894 16259 592
-4876 16248 574
-4747 16056 786
-4726 16005 725
-4673 15743 547
-4655 15570 541
-4643 15183 1316
-4627 14701 1454
-4516 14246 1521
-4513 14608 1364
-4475 14175 1520
-4388 13754 1480
-4352 14051 1306
-4293 14016 1350
-4161 13569 1381
-4020 13071 1431
-3906 12904 1433
-3840 12697 1457
-3789 13492 1257
-3706 12201 1413
-3630 12451 1292
-3599 12801 1259
-3546 11897 1379
-3470 12021 1173
-3283 11375 1486
-3235 10596 1484
-3156 11200 1467
-3120 11138 950
-3069 11071 1001
-3037 10849 1079
-2985 10553 1131
-2980 10313 1331
-2935 9432 1464
-2727 10059 793
-2704 10025 770
-2583 9940 1361
-2483 9104 1048
-2422 8359 1508
-2379 8083 1422
-2374 8786 975
-2293 8312 1026
-2226 8314 459
-2225 7824 1048
-2192 7528 0
-2187 7492 5
-2074 7352 1099
-1983 6599 1527
-1946 7068 1488
-1944 7054 908
-1913 6989 913
-1887 5986 1401
-1837 6699 355
-1756 6497 1389
-1705 5875 418
-1668 5702 524
-1623 5372 550
-1577 5033 1440
-1385 5224 1225
-1349 4851 1153
-1336 4601 1140
-1273 4882 513
-1264 4301 1117
-1195 4523 504
-1127 4056 543
-1012 3766 841
-995 3563 858
-977 3454 858
-931 3983 386
-879 3470 405
-853 4969 199
-784 4382 255
-751 4353 288
-628 2904 295
-583 1993 438
-552 3270 216
-489 2424 206
-400 1886 169
-361 1520 179
-358 2030 130
-274 1261 188
-270 1264 97
-176 674 108
-110 270 52
-77 110 29
#
