#
-5966 18992 233
-5943 18982 210
-5840 18789 182
-5818 18844 168
-5681 18518 318
-5664 18504 301
-5538 18259 139
-5482 17957 194
-5424 17556 650
-5373 17868 528
-5290 17496 598
-5260 17183 641
-5217 17180 673
-5213 17183 598
-5200 17166 720
-5140 17119 757
-5055 16894 473
-5014 16847 422
-4990 16580 473
-4968 16564 451
-4818 15405 1072
-4785 15314 1116
-4740 16245 891
-4637 14623 1436
-4625 15064 1213
-4508 14761 911
-4504 14580 1143
-4426 14279 1570
-4367 15718 844
-4345 14721 1018
-4216 13829 1247
-4184 14109 911
-4105 15171 832
-4072 15059 815
-4057 13473 784
-4005 13335 1037
-3911 13108 1065
-3848 12919 1368
-3834 12790 989
-3675 12202 1400
-3560 11908 1281
-3491 11119 1423
-3412 10918 1517
-3318 11670 1380
-3234 10559 1264
-3148 10199 1350
-3009 11468 944
-2941 9397 1439
-2912 9426 1350
-2912 9708 1191
-2871 9150 1388
-2745 8912 1471
-2629 8817 1129
-2535 8175 1555
-2518 8161 1538
-2383 7334 1491
-2338 7767 1294
-2280 7913 1275
-2253 8439 1166
-2218 6982 1530
-2168 6672 1483
-2082 6536 1229
-1965 5906 1467
-1928 5843 1459
-1901 7268 777
-1819 5996 1152
-1814 5575 1564
-1693 6313 864
-1667 5281 1169
-1553 4956 1303
-1513 5215 903
-1402 5106 903
-1312 4578 870
-1189 4229 521
-1087 4092 957
-1054 3743 957
-1025 3962 547
-992 3797 554
-960 4469 432
-907 2911 375
-880 2900 402
-855 3299 353
-810 2808 454
-790 3450 299
-718 2471 269
-699 2425 322
-650 2304 274
-617 2224 241
-596 1992 64
-532 1752 0
-433 1697 99
-423 1423 109
-281 1257 128
-268 905 109
-240 711 192
-205 483 119
-160 481 102
-77 110 29
#
