#
-4421 15981 107
-4344 15821 68
-4316 15539 68
-4280 14955 173
-4244 14835 142
-4172 14630 297
-4162 14484 173
-4154 15300 105
-4115 14146 174
-4045 13868 77
-4032 13858 64
-3930 13660 220
-3898 13362 123
-3846 13221 119
-3751 13169 691
-3747 13009 122
-3697 12458 763
-3693 12832 156
-3598 12171 749
-3593 12042 773
-3586 11519 838
-3536 11566 586
-3496 11170 812
-3470 11155 838
-3402 10732 670
-3364 11045 537
-3334 10533 749
-3325 10850 576
-3245 10477 827
-3241 10223 661
-3084 9718 622
-3050 9599 706
-3025 9584 681
-3011 8883 788
-2972 8688 788
-2946 9381 693
-2894 9236 693
-2834 8343 806
-2829 9152 780
-2813 8184 804
-2698 7780 582
-2679 7711 650
-2652 7585 623
-2582 7620 551
-2569 7348 511
-2538 7308 508
-2536 7221 527
-2453 7018 610
-2292 6694 1041
-2265 6624 1006
-2246 6399 921
-2209 6375 921
-2193 6423 870
-2119 6123 870
-1988 5866 1023
-1977 5554 1050
-1898 5323 1041
-1893 5225 982
-1871 5580 975
-1853 5256 965
-1828 4985 992
-1777 4751 850
-1708 4676 813
-1610 4630 852
-1539 4263 1084
-1437 3878 992
-1388 4459 0
-1327 4346 61
-1315 3361 860
-1250 3620 306
-1156 3284 1070
-1119 3731 269
-1052 3482 368
-929 2610 452
-905 2569 428
-903 2441 397
-835 2366 469
-816 2391 407
-759 2071 397
-743 2188 354
-622 1685 462
-567 1457 399
-530 1390 417
-493 1154 333
-468 1557 328
-392 1150 257
-365 916 284
-340 1016 182
-246 695 160
-150 356 64
-120 438 49
-108 315 37
-91 192 20
-77 110 29
#
