#
-5117 17127 128
-5082 17106 128
-4966 16943 135
-4920 16954 89
-4860 16823 212
-4815 16060 317
-4692 16087 310
-4689 16139 229
-4664 15552 468
-4621 15645 297
-4576 15248 308
-4534 14990 335
-4458 14764 422
-4449 14749 413
-4403 15092 243
-4350 13787 399
-4302 14412 270
-4293 14397 261
-4239 13158 386
-4224 14149 319
-4220 13442 286
-4140 13310 206
-4076 12791 208
-3992 12574 189
-3980 12604 152
-3963 12328 110
-3926 12222 123
-3895 11833 72
-3870 11823 69
-3780 11573 145
-3749 11478 139
-3631 10989 885
-3572 11189 774
-3529 10864 817
-3472 11121 674
-3421 10511 675
-3397 10445 651
-3367 10245 569
-3329 9922 583
-3300 9873 612
-3211 9661 565
-3172 9403 544
-3066 9323 1057
-3015 9326 544
-2935 9012 953
-2914 8715 917
-2835 8597 669
-2801 8543 704
-2760 8057 621
-2718 7799 579
-2695 8066 480
-2616 7565 504
-2567 7502 495
-2473 7764 436
-2411 7336 941
-2345 6970 998
-2293 6356 868
-2223 6173 839
-2210 6117 852
-2095 6495 814
-2076 6018 827
-2014 5863 893
-1980 5642 998
-1895 5398 893
-1854 5166 884
-1825 5215 864
-1740 4970 910
-1681 5136 786
-1655 4702 891
-1521 4586 889
-1498 4266 987
-1455 4094 939
-1380 3849 827
-1324 3751 799
-1262 3552 718
-1239 3486 728
-1138 3331 980
-1072 3027 947
-1007 2665 890
-1000 2544 901
-875 2589 749
-795 2371 367
-653 2254 365
-604 2081 377
-584 1618 396
-550 1472 362
-513 1252 405
-501 1247 415
-440 1090 304
-438 985 301
-330 946 142
-287 878 164
-227 647 141
-188 371 0
-175 314 13
-136 254 24
-77 110 29
#
