#
-4198 16842 185
-4102 16599 225
-4077 16610 181
-4014 16418 313
-3970 15892 307
-3956 16360 297
-3811 15349 210
-3772 13630 556
-3761 13486 519
-3700 14532 249
-3661 14932 85
-3610 12806 509
-3595 14790 121
-3590 14780 121
-3550 12309 422
-3521 14056 136
-3504 13937 136
-3461 13735 136
-3434 11861 383
-3433 13609 154
-3418 13488 169
-3342 11480 459
-3317 11253 348
-3304 11798 282
-3288 11040 366
-3241 10951 294
-3205 10622 337
-3131 10062 239
-3129 10847 219
-3108 10022 262
-3001 9683 173
-2942 9612 210
-2855 8769 856
-2823 9024 196
-2758 8346 759
-2723 8091 794
-2648 8691 371
-2614 8063 736
-2585 7727 750
-2570 7613 678
-2512 7499 983
-2432 7352 492
-2412 7167 957
-2370 6993 915
-2359 7009 867
-2347 6963 901
-2313 6935 935
-2285 7106 734
-2237 7019 782
-2230 6562 716
-2166 7285 612
-2079 6359 416
-2072 5984 983
-2038 5655 1006
-2013 5607 1031
-1985 6317 792
-1982 6026 662
-1950 5378 909
-1927 5338 932
-1914 5918 730
-1848 5143 838
-1834 5131 824
-1818 5130 808
-1766 4963 1041
-1742 4831 662
-1712 5177 660
-1706 4516 696
-1628 4414 694
-1527 4150 802
-1500 4062 784
-1431 3784 562
-1404 3736 524
-1356 3649 572
-1345 3614 591
-1252 3521 640
-1203 3152 619
-1126 3016 629
-1109 2990 582
-1018 2576 630
-982 2353 649
-948 2180 546
-879 2653 478
-845 2577 468
-787 1607 619
-707 1400 601
-691 2251 439
-678 1302 592
-566 1858 421
-546 1842 431
-460 1073 208
-372 857 266
-267 796 15
-252 636 0
-174 393 49
-142 372 49
-125 202 77
-77 110 29
#
