#
-4776 17690 117
-4755 17648 117
-4631 17515 230
-4610 17114 75
-4529 16985 58
-4493 16101 191
-4407 16509 116
-4361 15636 151
-4338 15216 168
-4285 14964 194
-4197 14918 235
-4140 14835 169
-4137 14553 372
-4077 14317 398
-4073 14249 387
-4047 14222 368
-4012 14426 361
-3971 13107 334
-3961 13590 295
-3882 12991 346
-3797 12527 221
-3774 11987 244
-3757 12467 221
-3731 11894 280
-3705 11776 201
-3660 11545 229
-3589 11476 210
-3528 11289 185
-3521 11155 280
-3489 10946 306
-3429 10825 308
-3330 9545 582
-3234 10253 255
-3103 8690 529
-3059 9270 406
-3045 8279 530
-2971 9205 318
-2963 8133 1110
-2880 7937 487
-2807 7608 982
-2758 7554 460
-2706 7345 982
-2684 7199 887
-2616 7138 819
-2565 6689 971
-2540 6865 836
-2463 6459 945
-2463 6581 913
-2426 6247 992
-2343 6400 825
-2273 6274 876
-2258 5940 994
-2246 6216 850
-2243 5986 931
-2184 5558 676
-2143 6838 618
-2071 5262 789
-2034 5278 645
-1984 5002 791
-1949 4945 730
-1871 4852 921
-1867 4657 763
-1804 4582 700
-1765 4350 701
-1714 4051 762
-1632 3870 694
-1569 3795 631
-1542 3627 631
-1454 3330 719
-1356 3258 695
-1315 3031 801
-1240 3691 509
-1223 3679 492
-1144 3419 575
-1110 2377 711
-1072 2302 648
-1064 2111 742
-960 1888 783
-898 1713 719
-864 2621 504
-759 2329 535
-729 2027 556
-721 2181 433
-613 1925 434
-541 1605 447
-508 1382 0
-433 1241 44
-381 1167 96
-318 963 113
-305 1084 106
-213 906 66
-165 407 97
-151 624 82
-77 110 29
#
