#
-6976 18860 31
-6893 18708 21
-6832 18508 50
-6677 18152 165
-6499 17859 385
-6483 17846 391
-6314 17682 668
-6192 17085 792
-6174 17061 808
-6131 17288 647
-5966 16719 761
-5931 16826 586
-5915 16800 602
-5787 16555 1195
-5675 16522 540
-5613 16060 750
-5555 15610 1040
-5476 15685 999
-5438 15481 1426
-5288 15213 1456
-5220 14497 1712
-5211 15757 960
-5141 14173 1613
-5101 15103 1208
-5007 13790 1733
-4988 14831 1483
-4956 13626 1607
-4873 13336 1692
-4786 14377 975
-4700 13966 1341
-4643 13334 1435
-4537 13521 1401
-4487 12911 1671
-4336 12794 1548
-4326 12478 1669
-4303 12774 1369
-4111 12385 1561
-3979 11558 1546
-3934 11167 1546
-3789 11436 1482
-3700 10739 1634
-3668 10561 1713
-3599 12197 1272
-3596 10889 1417
-3587 11634 1356
-3447 9657 1738
-3301 9365 1610
-3293 10169 1593
-3172 9760 1559
-3073 8737 1640
-3050 10325 1124
-2929 8617 1640
-2865 8340 1650
-2769 8162 1549
-2634 8936 1520
-2585 7428 1678
-2548 8551 1297
-2483 9256 831
-2469 9217 845
-2438 9135 876
-2354 7622 1219
-2323 7399 1243
-2206 6721 1730
-2130 8349 1016
-2087 8029 1048
-2056 6337 1702
-2025 6907 1237
-1961 7136 930
-1596 5597 790
-1594 5552 878
-1551 6638 669
-1497 5882 735
-1468 5396 1098
-1459 4290 1309
-1337 5791 700
-1292 5949 635
-1241 3982 1055
-1205 4076 1015
-1138 4972 691
-1054 3427 944
-1000 3343 944
-925 3624 651
-826 3326 355
-795 3250 398
-769 2355 614
-733 3238 448
-678 2203 488
-658 3047 307
-612 2076 449
-599 3077 245
-513 2534 209
-477 2275 205
-400 1865 274
-378 1457 294
-284 893 142
-276 871 104
-240 554 0
-185 488 55
-139 343 73
-77 110 29
#
