#
-9467 33156 75
-9316 32807 69
-9170 32594 180
-9011 32271 175
-8707 31643 307
-8639 30333 760
-8500 30193 771
-8410 31221 427
-8296 29928 848
-8192 29870 799
-8036 29468 1084
-7904 29136 1132
-7733 28689 1016
-7692 28349 1695
-7634 28165 1156
-7522 27864 1618
-7429 26994 1743
-7333 27100 1665
-7232 26219 1823
-7177 27713 1117
-7023 26679 1073
-6970 27002 912
-6970 27231 906
-6825 25838 1596
-6772 25567 1722
-6692 25033 1175
-6612 24354 1867
-6470 24886 1031
-6445 23353 1860
-6226 23144 1755
-6153 23894 1533
-6127 23690 1539
-5993 23428 1707
-5918 22469 1860
-5812 22240 1788
-5646 20191 1867
-5544 22205 1648
-5425 21221 1609
-5361 19598 1848
-5340 21369 1533
-5209 20547 1733
-5205 21112 1438
-5107 20931 1332
-4919 20539 1409
-4879 18906 1802
-4782 17804 1899
-4572 17751 1820
-4533 18448 1656
-4433 17407 1742
-4371 17712 1604
-4305 17062 1687
-4177 15665 1815
-4103 16742 1673
-4024 16034 1686
-3858 14437 1842
-3722 14883 1777
-3668 14414 1741
-3408 13772 1481
-3373 13174 1829
-3287 14058 1393
-2984 12504 1464
-2766 11867 1533
-2609 11262 1272
-2577 10886 1324
-2481 11577 1222
-2465 12060 948
-2240 8974 1327
-2032 10028 1258
-1979 7004 1871
-1970 8179 1516
-1816 8438 711
-1587 6225 1316
-1569 7466 975
-1440 7531 715
-1275 6016 800
-1139 5790 720
-1019 6322 471
-992 5030 602
-969 3936 881
-957 4722 552
-943 5236 519
-887 4582 620
-843 3328 658
-736 4187 473
-736 4444 370
-632 2829 573
-604 3213 366
-490 3037 257
-468 2675 228
-463 3132 130
-452 2091 212
-330 1694 265
-242 1170 155
-231 1364 106
-185 614 0
-73 131 14
#
