#
-7456 33221 58
-7295 32906 132
-7165 32514 136
-7099 32466 136
-7009 31887 398
-6974 31876 398
-6818 31092 513
-6808 31081 503
-6718 30724 549
-6697 30761 455
-6652 30503 549
-6588 29739 792
-6549 29815 757
-6496 30507 424
-6448 30451 472
-6246 28950 772
-6184 28446 779
-6137 29181 593
-6083 28206 1133
-5964 27226 1185
-5929 27798 721
-5805 27646 665
-5715 26644 1245
-5659 26840 1060
-5637 26630 1082
-5631 26326 1400
-5537 25472 1185
-5461 25699 1065
-5399 25682 1051
-5258 24726 1161
-5122 23561 1472
-5098 23435 1480
-5063 24243 1363
-4941 22212 1360
-4754 22686 1204
-4676 21783 1204
-4636 22176 1159
-4447 21092 1388
-4429 20378 1480
-4313 20245 1491
-4227 21215 1013
-4224 20013 1463
-4134 19551 1353
-4085 19277 1443
-4076 19582 1334
-3989 18634 1267
-3876 17668 1471
-3790 18273 1374
-3745 17645 1287
-3691 17918 1153
-3610 17406 1152
-3514 16610 1400
-3427 16198 1339
-3410 16824 1313
-3365 16078 1256
-3174 15408 1418
-3116 14988 1388
-3015 14160 1370
-2909 14618 830
-2809 13901 1312
-2737 14140 1232
-2630 12848 1328
-2565 12010 1496
-2525 13442 1235
-2376 12151 949
-2283 11443 881
-2235 10493 1435
-2231 10999 1119
-2155 10639 1433
-2105 11021 970
-2025 9760 940
-1886 8889 1369
-1806 9181 1193
-1746 8810 916
-1610 7943 1392
-1491 8258 624
-1463 7736 714
-1295 6479 986
-1223 7196 674
-1098 5135 978
-1077 5843 908
-989 4695 924
-836 4573 155
-778 4164 202
-645 3304 331
-619 3072 334
-605 3583 320
-484 3902 108
-440 2748 275
-424 2362 275
-358 1939 238
-356 1501 291
-304 1528 176
-263 2112 97
-169 1330 31
-120 506 0
-99 423 40
-73 131 14
#
