#
-7756 32609 14
-7548 32344 127
-7515 32329 119
-7454 31496 141
-7333 31272 354
-7119 31160 230
-7074 30411 332
-6981 29861 288
-6910 29748 283
-6891 29626 264
-6794 29500 244
-6617 29198 359
-6589 29174 397
-6472 29052 425
-6443 29032 454
-6423 27999 926
-6343 27617 932
-6268 28185 359
-6211 27608 1366
-6058 26748 833
-6057 27082 786
-6019 26012 1543
-5852 25168 1459
-5755 26160 869
-5693 24628 1521
-5592 25561 718
-5530 25526 744
-5462 23660 1456
-5436 23634 1430
-5327 25355 688
-5298 25056 679
-5208 24412 1370
-5145 24888 870
-5024 22800 1464
-4945 22165 1476
-4758 23082 1231
-4730 22416 1285
-4704 21604 1367
-4578 20370 1291
-4512 20024 1354
-4385 19863 1454
-4381 21231 1154
-4235 19510 1347
-4122 19284 1384
-4097 19615 1256
-4043 17675 1385
-3964 17502 1374
-3829 18577 1307
-3724 17052 1394
-3652 18077 1248
-3564 16152 1418
-3443 16673 1320
-3350 15941 1484
-3244 15758 1296
-3138 15923 1246
-3106 15298 1135
-3036 14669 1319
-2871 14621 1129
-2743 13614 1360
-2740 12137 1358
-2451 12246 1357
-2428 12472 1296
-2394 11422 1502
-2229 11753 1044
-2140 10347 1334
-2109 11245 951
-2000 11002 1027
-1941 10846 992
-1825 9509 1026
-1732 8752 1067
-1711 8022 1189
-1490 7758 1201
-1441 8110 1176
-1385 8635 1001
-1326 6542 1170
-1318 7342 1013
-1182 6229 1037
-1157 5854 1091
-1135 7106 542
-1073 6531 518
-1058 6507 560
-906 5331 603
-828 4701 634
-748 4270 590
-745 4772 461
-732 5137 415
-620 4060 415
-486 4184 231
-391 3565 158
-320 2516 202
-272 2900 93
-162 1866 37
-152 1771 66
-126 1015 16
-110 657 0
-73 131 14
#
