#
-9335 33206 35
-9304 33132 64
-9166 32959 90
-9006 32357 132
-8935 32292 387
-8875 32189 418
-8765 31971 355
-8646 31528 473
-8473 31697 214
-8398 30487 925
-8360 30373 821
-8288 31173 296
-8094 29896 1044
-8031 29858 1162
-7938 29330 1200
-7916 29352 805
-7734 29130 1044
-7661 28880 1134
-7560 28733 1134
-7437 28517 1403
-7332 27740 1186
-7316 27310 1686
-7286 27313 1013
-7165 27169 1028
-6906 26007 1770
-6878 26768 1582
-6779 26328 994
-6633 25337 1718
-6613 26200 1061
-6531 25761 1596
-6483 24463 1724
-6391 25021 1487
-6313 24275 1649
-5994 23044 1751
-5950 22685 1828
-5841 22488 1829
-5724 23665 1437
-5619 22908 1733
-5386 21927 1532
-5369 20693 1784
-5322 21923 1418
-5096 21109 1645
-4950 20678 1531
-4860 19869 1475
-4779 19773 1628
-4688 19182 1514
-4570 17730 1761
-4266 16847 1540
-4116 19026 1306
-4039 16283 1615
-3910 17384 1338
-3804 16024 1475
-3769 18402 1281
-3678 17481 1169
-3600 14580 1738
-3445 14902 1445
-3354 14951 1388
-3286 14248 1394
-3062 13920 1348
-2963 14148 1220
-2870 12658 1806
-2708 12716 1292
-2680 12919 1286
-2500 12332 1240
-2377 13466 896
-2177 11354 848
-2041 10767 914
-1947 7724 1701
-1903 10387 936
-1863 8623 1546
-1761 9388 1315
-1638 10649 737
-1603 8300 959
-1548 8746 700
-1333 8631 789
-1264 5444 1078
-1203 4795 908
-1181 7133 549
-1156 6958 716
-1093 6315 647
-1042 6313 714
-924 7417 391
-897 5735 490
-802 6040 350
-796 4193 604
-667 4977 303
-582 3877 322
-566 4366 264
-564 3058 275
-478 3503 118
-380 2331 114
-350 2196 99
-295 1123 0
-236 908 35
-74 391 14
-73 131 14
#
