#
-5097 23510 108
-5067 23479 108
-5013 23104 87
-4991 23092 107
-4964 22759 135
-4871 21887 292
-4807 21540 175
-4769 22040 145
-4758 21183 261
-4737 20968 176
-4695 20814 93
-4626 19773 269
-4566 20371 236
-4527 19279 194
-4505 19239 172
-4486 19000 194
-4453 18989 194
-4353 18136 523
-4317 18440 206
-4289 18429 234
-4284 17809 523
-4213 18020 310
-4200 17254 632
-4074 16871 506
-4008 17336 368
-3929 16136 478
-3764 15264 553
-3724 15451 471
-3681 15127 470
-3597 14384 962
-3492 14240 1060
-3473 14832 539
-3432 14500 557
-3421 13793 955
-3333 12678 1060
-3291 13725 1020
-3259 13988 936
-3245 12232 969
-3235 12236 962
-3177 11721 1016
-3170 13062 897
-3142 11770 929
-3116 11631 955
-3040 12728 913
-2991 13349 816
-2841 10725 906
-2814 10656 933
-2713 10364 862
-2672 10165 843
-2626 11270 791
-2506 9538 982
-2458 9892 870
-2418 9124 1023
-2360 8571 990
-2219 9982 809
-2074 7723 795
-1963 7425 861
-1920 7290 998
-1861 7157 998
-1852 7010 755
-1722 6733 860
-1647 6146 1029
-1518 5512 843
-1470 5867 709
-1457 4884 730
-1352 4623 737
-1318 5229 660
-1259 4392 757
-1143 3968 652
-1098 4099 600
-1073 3588 721
-1030 3547 764
-1016 3444 737
-965 3678 360
-874 3147 757
-778 3172 592
-774 2732 653
-766 2284 458
-696 2000 380
-662 1980 423
-599 1814 390
-559 2360 331
-530 1648 406
-520 2244 345
-459 1372 394
-405 988 0
-346 845 30
-301 801 69
-238 604 73
-149 430 37
-129 375 64
-95 366 24
-66 147 14
#
