#
-2164 12335 739
-2142 12302 739
-2127 12003 739
-2099 11692 739
-2088 11779 695
-2082 11492 685
-2040 10941 685
-2028 10922 692
-2022 10553 683
-2010 10534 690
-1994 10242 655
-1989 10022 650
-1957 9910 655
-1921 9977 634
-1875 9544 634
-1850 9230 597
-1828 9206 607
-1812 8743 597
-1759 8722 597
-1747 8703 604
-1711 8532 590
-1658 8148 660
-1643 7840 650
-1626 8005 567
-1614 7987 574
-1563 7698 637
-1541 7380 590
-1516 7196 627
-1503 6893 590
-1456 6854 567
-1432 6676 600
-1409 6666 577
-1345 6385 665
-1340 6166 660
-1303 5906 548
-1269 5779 593
-1265 5418 510
-1250 5404 520
-1226 5375 496
-1189 5065 510
-1153 5017 493
-1133 4754 548
-1093 4796 517
-1071 4238 486
-1046 4074 486
-992 4637 468
-979 4039 452
-961 3825 401
-923 3655 493
-886 3745 340
-871 3730 350
-853 3464 340
-820 3388 371
-798 3364 381
-791 3140 414
-757 2927 411
-733 2846 468
-706 3221 309
-686 2878 384
-661 2621 435
-627 2618 435
-626 2701 309
-599 2302 468
-588 1905 288
-581 1806 292
-538 1531 273
-524 1531 298
-509 1772 220
-487 1748 226
-477 1669 230
-446 1420 298
-444 1317 255
-436 1270 263
-427 1130 238
-412 1325 192
-410 1396 181
-359 843 273
-308 635 241
-303 966 141
-285 854 147
-231 879 106
-230 668 150
-224 781 110
-206 669 116
-180 761 55
-173 658 83
-144 604 65
-131 502 7
-112 374 42
-105 274 17
-66 147 14
#
