#
-4751 30787 71
-4662 30287 136
-4600 29397 194
-4516 29252 278
-4451 28502 205
-4403 28570 85
-4338 28117 60
-4314 27613 98
-4260 27505 138
-4181 26673 231
-4068 25802 264
-3987 25315 259
-3879 24710 498
-3856 24681 521
-3821 24272 462
-3760 24150 938
-3759 24082 991
-3679 23529 955
-3613 22745 931
-3595 22716 692
-3576 21765 465
-3535 21693 506
-3484 21129 430
-3374 20553 540
-3373 21015 485
-3306 19007 443
-3281 20084 345
-3248 18425 439
-3169 19861 305
-3143 17778 450
-3125 19761 329
-2989 17506 708
-2970 17134 717
-2935 16901 827
-2920 16341 648
-2913 17074 343
-2807 16073 686
-2771 15606 762
-2686 15314 847
-2658 14093 652
-2655 15278 618
-2649 13617 594
-2615 13607 628
-2548 14571 554
-2461 12985 782
-2372 12578 482
-2238 12056 894
-2237 11491 797
-2115 11036 767
-2046 10867 745
-2014 10358 793
-1949 11105 659
-1888 9594 783
-1844 9755 579
-1794 9397 671
-1746 9255 678
-1722 9034 809
-1655 8881 913
-1634 8441 793
-1547 8370 832
-1516 8056 586
-1457 7837 913
-1392 7525 845
-1352 6933 566
-1257 6670 546
-1234 6382 887
-1217 6379 904
-1188 6171 457
-1121 6132 586
-1081 5416 406
-1027 5397 913
-950 4990 848
-942 4904 855
-896 4538 584
-829 4177 412
-766 4004 473
-758 3918 481
-721 3631 374
-700 3363 405
-651 3311 592
-604 3354 254
-504 2488 407
-495 2300 414
-465 2781 298
-465 2855 290
-421 2037 355
-347 1457 178
-291 1430 165
-271 1110 157
-170 764 0
-116 550 27
-73 131 14
#
