#
-4662 23159 69
-4649 23032 73
-4622 22861 64
-4510 22173 212
-4455 22112 212
-4429 22492 137
-4387 21974 203
-4312 21423 204
-4304 21589 171
-4260 21556 166
-4192 20734 171
-4178 20378 233
-4117 20081 550
-4084 19047 310
-4064 19480 254
-4012 18839 261
-3984 18170 231
-3954 18040 231
-3859 17732 225
-3802 17054 135
-3783 17020 154
-3712 16505 294
-3618 15708 182
-3599 15697 163
-3502 15327 481
-3463 15134 341
-3439 15117 365
-3426 14761 391
-3380 14652 419
-3322 14331 519
-3287 13782 231
-3248 13572 228
-3165 13467 507
-3091 13058 409
-3029 12582 771
-2980 12347 802
-2972 11768 309
-2937 11757 274
-2819 11432 377
-2816 11474 374
-2754 11211 893
-2714 10611 724
-2627 10304 802
-2612 10290 802
-2473 10038 784
-2429 9916 725
-2349 8496 722
-2331 9273 587
-2252 9059 593
-2204 8453 725
-2131 8131 694
-2120 8775 579
-2118 8433 669
-2015 7902 684
-1916 7479 714
-1817 6317 686
-1747 6872 676
-1707 6372 631
-1645 7289 623
-1552 5996 638
-1495 5500 743
-1489 5438 748
-1370 5660 466
-1360 4981 487
-1349 4949 498
-1240 4265 654
-1179 3587 644
-1135 4789 615
-1097 4446 497
-1036 4018 495
-1027 3118 654
-980 4422 466
-925 4031 456
-857 3211 650
-815 2655 661
-777 2571 645
-670 3323 463
-618 2608 440
-606 2616 429
-590 2130 398
-509 2198 298
-507 1444 413
-478 2020 298
-421 1276 327
-387 1114 328
-247 1409 93
-229 1335 105
-191 1162 108
-178 578 1
-101 311 34
-66 147 14
#
