#
-5768 29445 217
-5641 28551 316
-5619 29218 217
-5499 28163 126
-5428 27511 529
-5353 27791 85
-5303 25794 322
-5249 25644 400
-5228 27307 157
-5207 25039 383
-5182 27021 246
-5178 23723 322
-5173 26738 255
-5133 23451 365
-5063 23112 383
-4919 22498 383
-4869 22292 344
-4857 22665 289
-4792 22435 283
-4751 21738 302
-4582 20996 338
-4495 20337 680
-4369 19991 608
-4293 19867 625
-4174 19656 1084
-4164 19204 1138
-4104 18527 1152
-4090 17744 1005
-3949 17059 1005
-3905 16494 1039
-3880 16374 1064
-3700 15856 930
-3608 17007 841
-3593 16991 856
-3494 15060 1119
-3475 15059 1100
-3453 14654 970
-3363 14140 1096
-3225 13632 952
-3174 13360 969
-3056 13075 1039
-2994 12828 1096
-2978 12872 989
-2920 11404 1034
-2821 12248 897
-2777 12002 941
-2739 11701 954
-2664 10967 923
-2630 10520 957
-2583 9772 997
-2475 10368 945
-2358 9163 975
-2326 8973 953
-2279 9672 937
-2266 8382 976
-2114 8124 930
-2006 7541 918
-1994 7890 900
-1957 7515 1045
-1905 7018 1008
-1897 6977 1015
-1728 6302 751
-1676 5689 765
-1614 6528 717
-1505 5042 773
-1478 4857 809
-1433 4643 813
-1389 5694 732
-1235 4909 732
-1105 3912 780
-1038 5406 648
-1027 5312 657
-954 4471 511
-918 4257 511
-881 2226 821
-865 2465 765
-786 3458 492
-728 3179 451
-669 2990 569
-658 2885 580
-631 3236 422
-605 2822 484
-561 2378 496
-518 2099 436
-399 2603 225
-368 1839 204
-312 1417 225
-199 1293 69
-176 979 33
-156 668 54
-135 425 58
-100 723 0
-73 131 14
#
