#
-3995 20017 123
-3970 19468 114
-3941 19456 131
-3908 19457 97
-3893 19843 61
-3835 18454 133
-3834 19101 85
-3784 19614 50
-3776 18075 158
-3737 18281 64
-3714 17978 219
-3695 17043 172
-3658 17571 89
-3647 17847 72
-3631 16973 139
-3616 16610 151
-3586 16570 212
-3542 15645 340
-3534 16093 186
-3483 15124 186
-3446 14753 186
-3391 14542 224
-3331 14405 222
-3299 14032 310
-3259 13899 252
-3248 13603 287
-3164 13162 304
-3140 13323 271
-3130 12132 266
-3074 12767 195
-2999 11696 443
-2972 11753 195
-2943 11526 223
-2865 11319 273
-2823 11309 273
-2815 10727 429
-2762 10664 414
-2755 10705 407
-2725 10249 335
-2699 9654 272
-2644 9369 272
-2573 8927 237
-2521 8898 251
-2447 8628 303
-2399 8475 422
-2306 8054 626
-2281 8219 361
-2205 7648 413
-2096 7341 416
-2055 7319 572
-2015 7021 546
-1942 6314 565
-1857 6963 540
-1840 6707 514
-1821 6513 507
-1749 6318 557
-1703 6261 579
-1677 6082 553
-1621 5576 582
-1542 4868 603
-1511 5841 502
-1501 5033 565
-1425 4977 496
-1357 4812 525
-1317 4265 477
-1279 4605 466
-1218 3906 590
-1133 3938 525
-1123 3660 541
-979 3081 589
-956 2892 454
-884 2678 532
-820 2654 455
-718 2452 388
-701 2160 623
-661 2355 375
-609 1922 524
-591 1753 533
-542 1606 455
-459 1528 388
-449 1964 201
-409 1337 321
-353 1308 265
-264 891 205
-260 1389 164
-192 638 121
-119 477 34
-89 419 6
-85 486 0
-66 147 14
#
