#
-487 471 1
-477 460 9
-474 453 12
-464 443 22
-454 433 32
-446 425 16
-436 416 6
-433 420 3
-432 409 54
-426 402 60
-418 397 68
-406 387 80
-404 380 26
-390 369 40
-378 358 52
-368 362 2
-365 352 13
-359 345 7
-355 349 3
-348 340 82
-339 335 27
-333 329 33
-321 323 165
-313 315 129
-309 319 69
-307 306 155
-299 304 147
-299 325 13
-294 295 168
-291 294 139
-285 317 73
-283 283 131
-281 280 97
-275 273 91
-267 269 83
-261 263 77
-255 258 71
-249 249 237
-241 259 57
-240 247 228
-234 249 202
-231 235 199
-227 232 215
-226 290 14
-225 236 125
-225 251 73
-222 255 38
-221 221 209
-216 231 110
-213 225 113
-212 244 28
-210 221 156
-205 211 193
-199 218 101
-198 203 186
-195 196 183
-189 189 177
-185 193 173
-175 178 163
-169 174 157
-165 189 133
-158 198 108
-156 177 144
-155 185 143
-149 170 117
-139 156 127
-136 174 104
-112 161 100
-101 169 51
-98 121 86
-94 124 62
-92 116 60
-92 133 40
-82 102 70
-82 127 30
-79 105 47
-69 91 57
-69 116 17
-65 108 13
-56 88 44
-55 77 43
-50 98 22
-50 145 0
-42 73 10
-33 69 21
-32 59 20
-32 143 0
-29 62 17
-22 50 10
#
