#
-387 444 3
-384 430 6
-371 419 7
-365 410 13
-361 432 3
-355 402 23
-352 391 26
-349 419 9
-348 409 16
-342 399 10
-339 384 39
-332 392 0
-325 369 39
-319 360 33
-319 379 13
-313 368 19
-309 353 23
-306 342 20
-303 344 17
-299 360 7
-293 334 7
-287 334 1
-282 327 70
-273 319 47
-269 309 57
-263 309 37
-260 304 34
-253 296 41
-250 301 38
-246 296 74
-240 291 28
-239 291 67
-233 281 61
-230 280 18
-220 276 48
-216 274 84
-213 269 81
-213 286 1
-208 267 176
-205 253 173
-198 231 166
-198 262 154
-193 257 101
-192 221 160
-190 253 58
-186 218 154
-185 243 141
-184 238 102
-182 214 150
-179 203 147
-176 206 144
-174 249 94
-169 201 137
-166 195 134
-166 236 122
-163 190 131
-157 210 129
-156 225 56
-150 185 118
-147 206 65
-140 174 108
-136 210 36
-123 180 91
-120 178 92
-116 198 16
-110 174 78
-100 162 72
-96 186 4
-89 186 43
-87 167 5
-80 150 52
-72 160 28
-66 119 34
-63 140 19
-60 138 32
-57 100 25
-56 128 24
-45 148 1
-44 159 0
-40 136 12
-39 107 7
-38 118 6
-30 71 2
#
