#
-466 469 28
-463 457 25
-453 456 41
-450 444 38
-446 459 8
-440 444 2
-436 433 52
-430 430 58
-430 434 18
-424 429 64
-416 423 32
-410 419 78
-397 409 51
-394 407 94
-387 397 101
-383 398 65
-380 396 62
-371 394 77
-367 387 81
-367 401 5
-364 384 78
-354 380 88
-351 388 57
-347 367 141
-347 390 15
-341 361 147
-341 370 101
-340 380 22
-327 357 121
-320 310 168
-318 348 124
-317 354 111
-313 344 129
-311 348 117
-307 298 181
-300 299 148
-297 324 137
-294 321 134
-290 338 72
-287 288 161
-282 295 160
-280 307 128
-273 329 89
-270 266 218
-267 283 115
-257 271 185
-257 281 105
-253 302 93
-247 253 195
-240 247 208
-239 292 79
-233 247 201
-230 290 70
-227 258 155
-227 287 67
-218 275 76
-217 240 165
-215 269 93
-210 234 178
-202 236 170
-197 229 165
-186 230 134
-176 228 124
-172 224 120
-170 219 138
-163 210 131
-159 204 127
-156 193 4
-147 181 5
-137 167 15
-134 169 8
-123 156 1
-121 152 31
-114 142 10
-97 137 45
-92 116 60
-79 105 47
-76 119 2
-71 109 19
-63 99 11
-62 93 36
-52 137 0
-49 85 3
-42 73 10
-39 76 7
-30 71 2
-29 66 3
#
