#
-508 470 24
-495 457 37
-492 449 40
-479 438 53
-472 433 12
-466 419 14
-459 420 1
-453 408 27
-447 408 33
-442 404 42
-437 399 23
-436 396 16
-429 391 29
-420 391 0
-413 372 13
-410 374 10
-407 369 7
-400 360 0
-393 358 67
-382 348 18
-376 346 124
-372 340 88
-366 336 114
-362 333 2
-356 329 104
-343 321 21
-342 311 58
-330 307 32
-326 300 74
-322 297 38
-310 290 90
-303 285 19
-302 296 18
-291 278 71
-290 275 70
-287 274 35
-282 267 250
-270 264 210
-260 264 180
-257 256 223
-256 237 224
-253 242 199
-253 257 161
-250 264 110
-246 230 214
-240 231 186
-236 220 204
-235 226 203
-234 229 180
-231 252 91
-230 228 170
-229 249 137
-227 220 173
-226 214 194
-221 233 141
-220 218 166
-216 200 184
-209 208 155
-207 204 175
-202 206 148
-197 189 165
-197 210 143
-191 201 131
-188 199 96
-186 235 34
-179 197 125
-177 174 145
-169 171 115
-169 184 83
-156 178 64
-153 160 99
-139 183 47
-137 150 83
-127 194 13
-116 166 24
-113 149 59
-103 142 49
-103 191 23
-97 138 43
-86 123 32
-86 133 6
-83 121 51
-83 130 3
-67 105 13
-60 159 0
-57 88 3
-44 79 10
-43 60 11
-33 83 1
#
