#
-536 469 28
-522 456 42
-520 459 12
-516 455 48
-503 447 5
-500 441 8
-494 431 70
-490 436 18
-478 420 86
-473 426 35
-468 420 8
-461 406 77
-460 416 48
-451 410 27
-442 393 18
-432 384 106
-428 384 44
-422 378 96
-416 375 116
-409 372 63
-398 371 20
-388 361 42
-385 351 133
-381 356 3
-372 345 86
-371 345 7
-363 336 109
-356 330 104
-355 333 103
-352 331 66
-345 326 93
-342 319 150
-326 309 134
-322 306 130
-315 304 123
-312 323 66
-306 296 146
-301 292 167
-295 279 161
-292 272 158
-287 316 95
-286 311 92
-285 297 33
-279 269 145
-275 262 233
-269 275 109
-266 245 224
-262 240 236
-262 241 230
-259 238 217
-256 249 122
-249 262 89
-246 235 214
-244 227 232
-242 246 200
-239 235 197
-235 220 223
-233 224 191
-229 221 187
-219 212 177
-216 212 174
-215 209 203
-210 205 168
-206 217 164
-199 209 147
-195 193 183
-194 198 152
-189 199 137
-173 193 79
-165 186 121
-159 175 127
-149 162 137
-148 174 104
-139 156 113
-132 150 120
-119 159 73
-117 140 75
-110 136 84
-109 134 97
-102 144 70
-101 130 59
-97 147 37
-93 115 41
-89 141 39
-83 106 51
-80 99 54
-73 93 61
-69 104 25
-66 121 14
-55 95 9
-53 80 11
-47 71 5
-44 111 0
-39 66 13
-37 62 5
-34 55 8
-27 48 15
-19 43 7
#
