#
-408 475 22
-405 461 25
-398 465 12
-395 451 15
-395 457 9
-392 443 12
-382 431 48
-379 430 1
-372 421 38
-369 413 35
-369 420 11
-359 403 25
-356 400 22
-353 408 5
-346 390 12
-335 384 43
-326 377 8
-325 374 33
-320 368 38
-312 367 72
-309 364 69
-305 374 13
-299 354 59
-295 358 3
-286 337 144
-279 348 39
-276 344 36
-273 319 131
-269 332 109
-266 327 124
-264 329 70
-263 309 121
-257 299 153
-256 329 56
-250 296 108
-243 302 101
-243 313 49
-242 292 138
-241 278 137
-239 308 79
-238 290 96
-231 268 127
-230 283 88
-224 275 120
-224 281 82
-219 262 115
-217 274 75
-215 263 111
-211 255 107
-206 295 46
-205 240 173
-205 253 101
-201 256 97
-197 269 55
-195 230 163
-192 317 32
-191 254 49
-188 237 156
-182 237 78
-178 241 74
-175 224 143
-172 226 68
-171 237 67
-168 223 150
-164 236 60
-154 212 104
-150 216 90
-145 211 95
-136 188 104
-132 194 28
-128 207 24
-122 192 18
-115 180 83
-112 181 8
-101 169 41
-96 156 64
-86 154 54
-85 146 57
-85 168 53
-80 137 62
-75 140 29
-66 118 38
-60 131 0
-55 126 5
-48 129 2
-46 103 14
-39 97 21
-34 90 2
-30 80 2
-25 70 7
#
