#
-475 467 29
-465 456 19
-459 454 45
-455 444 29
-445 438 1
-439 426 45
-432 419 52
-422 424 8
-418 422 26
-415 409 69
-412 402 32
-412 413 18
-402 392 82
-402 398 42
-389 382 55
-383 376 61
-376 374 22
-369 370 75
-366 365 78
-362 370 68
-360 364 38
-353 357 131
-342 350 62
-333 340 111
-329 361 31
-322 344 42
-319 332 71
-319 337 39
-303 327 55
-296 320 130
-290 316 68
-283 316 35
-280 312 224
-275 298 171
-269 305 91
-266 282 180
-265 286 161
-256 270 170
-253 271 167
-252 274 148
-252 298 140
-248 275 144
-243 269 77
-240 253 154
-239 260 153
-236 248 208
-232 258 128
-229 249 197
-229 255 125
-223 242 137
-220 229 134
-213 235 109
-209 240 105
-206 225 174
-204 219 118
-203 219 117
-193 209 161
-190 214 104
-183 204 97
-177 199 145
-176 209 72
-163 199 59
-157 233 9
-156 183 124
-147 199 61
-140 173 108
-134 193 48
-127 162 95
-120 178 88
-116 184 30
-107 221 1
-103 155 75
-89 149 61
-86 194 0
-80 142 24
-76 138 10
-74 123 12
-67 158 1
-66 122 34
-57 92 29
-57 100 25
-53 128 3
-49 117 17
-44 106 12
-39 94 11
-30 71 2
#
