#
-509 470 15
-495 460 29
-489 455 35
-486 444 8
-480 434 14
-466 423 0
-460 421 34
-459 413 7
-450 408 44
-449 403 3
-433 391 33
-433 402 21
-430 393 16
-423 381 23
-419 376 47
-409 366 37
-406 374 6
-399 361 67
-390 351 56
-387 359 13
-376 351 24
-373 345 39
-370 336 76
-360 332 106
-354 329 20
-343 321 123
-334 323 0
-327 318 7
-323 306 29
-320 301 126
-307 303 13
-306 295 86
-303 292 49
-293 290 201
-290 285 96
-284 279 90
-277 277 57
-273 271 79
-270 272 76
-263 267 191
-260 252 206
-256 263 150
-249 232 217
-246 258 140
-245 256 145
-242 245 210
-239 222 207
-239 231 185
-237 251 165
-236 231 182
-233 254 87
-229 219 197
-229 240 157
-228 231 174
-227 298 33
-222 216 190
-222 224 150
-219 229 127
-215 219 161
-213 204 159
-206 213 114
-203 209 131
-202 203 170
-200 201 146
-187 185 133
-183 197 111
-182 214 110
-173 181 119
-173 188 81
-167 240 53
-163 180 91
-157 163 103
-154 160 100
-146 170 74
-143 167 51
-137 150 83
-133 159 61
-124 139 70
-120 176 20
-116 166 24
-103 157 11
-97 138 43
-89 133 17
-80 113 26
-79 122 13
-69 114 3
-63 107 29
-62 88 30
-60 94 6
-57 100 3
-52 80 20
-44 79 10
-43 60 11
#
