#
-2158 2290 30
-2127 2279 36
-2119 2257 14
-2082 2233 14
-2015 2175 102
-1990 2192 87
-1976 2169 70
-1943 2121 134
-1924 2091 141
-1882 2080 195
-1823 2033 254
-1820 1997 215
-1774 2046 203
-1754 1974 186
-1735 1960 40
-1711 1944 64
-1694 1898 173
-1664 1888 203
-1631 1882 162
-1614 1825 113
-1576 1840 95
-1522 1765 536
-1507 1804 236
-1462 1751 480
-1441 1655 622
-1409 1581 668
-1403 1542 672
-1386 1590 657
-1373 1494 675
-1360 1711 360
-1336 1750 322
-1297 1615 413
-1284 1438 630
-1256 1681 242
-1227 1606 210
-1224 1378 650
-1215 1711 167
-1175 1503 464
-1153 1364 521
-1133 1304 577
-1128 1478 309
-1087 1288 555
-1081 1552 154
-1072 1425 446
-1057 1248 609
-1014 1251 498
-1006 1217 510
-988 1146 466
-984 1266 440
-931 1133 650
-929 1488 258
-880 1325 230
-878 1126 604
-852 1310 258
-823 1061 605
-810 924 647
-799 1003 581
-788 898 685
-781 856 692
-776 873 688
-734 1177 282
-702 1154 395
-684 1023 352
-673 943 364
-666 1074 334
-659 886 455
-657 730 586
-639 906 337
-610 699 547
-578 765 503
-540 692 415
-518 669 415
-500 617 420
-484 606 404
-470 597 394
-439 556 388
-428 790 193
-416 1101 91
-397 738 289
-354 549 265
-349 530 298
-325 501 274
-289 481 129
-289 644 127
-273 623 111
-238 417 149
-221 407 133
-212 534 125
-195 448 32
-190 581 30
-148 380 56
-139 331 68
-132 312 79
-129 275 0
-111 217 23
-109 217 20
-81 171 5
-69 141 16
-62 99 11
#
