#
-1228 2207 71
-1209 2155 52
-1190 2142 52
-1179 2129 41
-1169 2000 60
-1158 1986 49
-1155 2078 34
-1143 1821 156
-1124 1770 137
-1116 1930 83
-1093 1656 166
-1084 1615 137
-1074 1869 28
-1070 1693 117
-1061 1573 137
-1050 1851 47
-1044 1550 120
-1023 1820 74
-1020 1726 77
-1015 1494 244
-1013 1523 100
-1009 1694 85
-1005 1484 254
-989 1683 65
-985 1473 274
-976 1433 245
-956 1378 208
-945 1368 197
-938 1268 206
-932 1356 181
-921 1244 189
-901 1312 150
-898 1228 212
-893 1211 217
-874 1271 142
-866 1377 134
-860 1180 128
-850 1096 225
-840 1086 235
-839 1137 107
-822 1063 234
-817 1119 85
-805 1039 217
-785 1029 228
-772 1009 147
-754 995 259
-751 965 126
-739 950 317
-733 952 259
-716 908 222
-712 875 89
-684 842 97
-662 787 139
-654 767 119
-641 752 160
-636 819 95
-624 704 20
-614 694 29
-596 671 9
-574 616 70
-565 643 30
-546 583 51
-535 631 38
-526 572 42
-503 559 31
-482 531 91
-454 498 63
-425 490 172
-405 472 192
-392 467 201
-362 388 172
-353 417 143
-351 438 140
-321 424 121
-294 311 118
-284 351 101
-255 289 179
-235 273 192
-225 270 162
-211 292 121
-194 254 118
-184 243 108
-173 201 110
-143 183 100
-103 334 27
-90 196 0
-83 150 20
-83 152 7
-53 125 13
#
