#
-1150 1227 30
-1140 1214 40
-1117 1189 33
-1108 1140 12
-1100 1201 0
-1098 1128 2
-1091 1117 29
-1081 1104 19
-1075 1053 45
-1058 1030 62
-1048 1017 52
-1042 1011 78
-1022 999 98
-1014 986 50
-993 973 107
-973 961 127
-966 946 134
-943 941 101
-938 936 106
-919 920 201
-916 899 80
-888 871 176
-874 852 222
-868 860 196
-861 854 25
-854 774 142
-818 744 106
-799 730 87
-789 812 47
-779 801 57
-777 705 65
-772 703 60
-747 673 95
-742 663 90
-717 677 5
-711 606 285
-695 654 23
-691 590 265
-688 603 236
-685 633 33
-677 586 319
-656 555 230
-634 534 208
-631 569 179
-624 571 172
-614 522 228
-613 533 187
-598 509 212
-585 524 133
-584 514 158
-576 502 234
-561 500 249
-541 454 423
-527 460 409
-525 486 317
-521 443 403
-510 467 376
-502 429 384
-496 463 70
-488 443 354
-480 407 362
-476 450 90
-464 394 346
-457 396 339
-450 436 292
-443 384 399
-437 386 363
-430 386 312
-416 424 248
-396 353 322
-391 351 273
-381 340 337
-361 341 243
-354 328 310
-328 320 254
-323 340 155
-305 307 261
-282 299 244
-258 247 220
-243 279 109
-233 270 75
-232 210 194
-226 245 182
-213 220 95
-193 187 149
-193 199 119
-163 234 5
-156 183 112
-141 172 67
-126 159 82
-109 150 9
-89 116 45
-78 83 40
-65 133 9
-59 70 15
-41 59 3
#
