#
-1431 2027 117
-1414 2009 117
-1407 1973 141
-1381 1932 147
-1368 1932 95
-1346 1907 167
-1324 1869 91
-1309 1882 84
-1288 1843 137
-1286 1777 151
-1267 1812 47
-1255 1792 72
-1239 1770 88
-1231 1746 96
-1214 1687 189
-1195 1648 64
-1190 1460 358
-1177 1635 46
-1145 1386 368
-1136 1579 21
-1130 1368 398
-1114 1368 341
-1113 1353 398
-1108 1563 305
-1102 1528 19
-1083 1352 310
-1076 1305 321
-1056 1225 347
-1050 1274 277
-1046 1438 40
-1035 1190 368
-1022 1199 335
-1019 1227 308
-1003 1416 60
-1001 1170 378
-997 1191 328
-970 1157 321
-969 1117 260
-957 1406 22
-949 1104 280
-941 1095 252
-938 1072 291
-925 1085 242
-920 1060 273
-907 1312 156
-905 1025 238
-898 1036 211
-885 1015 258
-877 1025 211
-848 994 231
-845 954 196
-834 919 227
-824 947 175
-807 900 175
-788 889 201
-771 843 201
-767 838 227
-747 826 247
-726 815 247
-692 801 495
-673 787 456
-657 775 337
-642 742 456
-622 732 456
-594 658 408
-587 681 390
-573 694 373
-556 636 390
-538 670 336
-534 591 348
-520 612 314
-510 578 344
-480 513 284
-467 543 267
-437 647 185
-434 459 217
-433 435 247
-397 492 195
-394 422 188
-354 389 188
-323 377 217
-280 447 159
-279 409 159
-250 430 139
-242 355 166
-230 418 109
-211 310 90
-204 248 128
-194 232 151
-183 225 97
-164 219 121
-141 270 30
-113 175 37
-104 208 28
-90 194 0
-83 152 7
-53 125 13
#
