#
-1423 1254 9
-1402 1241 30
-1386 1228 46
-1360 1218 54
-1341 1200 73
-1320 1187 52
-1293 1167 25
-1270 1110 124
-1268 1117 86
-1254 1045 178
-1251 1039 181
-1232 1089 86
-1220 1139 24
-1204 1006 134
-1188 1004 118
-1164 994 268
-1149 961 33
-1134 1070 18
-1123 922 53
-1108 907 38
-1088 894 58
-1061 891 15
-1021 861 125
-1009 889 113
-1001 850 105
-996 835 34
-964 812 110
-945 782 91
-923 765 147
-895 959 1
-875 741 21
-868 727 162
-851 833 3
-844 739 70
-834 682 242
-816 708 80
-810 704 104
-795 694 59
-784 647 292
-783 668 291
-771 684 65
-761 629 269
-744 631 152
-731 615 299
-724 617 232
-711 599 319
-694 598 202
-664 582 232
-654 569 422
-648 549 468
-644 566 252
-615 497 455
-604 539 332
-598 485 478
-593 539 321
-578 475 498
-558 465 398
-538 446 492
-538 512 304
-532 432 488
-500 524 108
-480 513 128
-476 410 438
-470 397 426
-470 413 384
-449 387 405
-440 401 386
-440 403 354
-427 391 309
-426 459 280
-413 375 369
-410 380 366
-403 453 263
-390 368 346
-373 438 293
-336 326 196
-325 291 207
-316 314 176
-316 324 156
-305 279 187
-296 356 96
-276 349 4
-268 256 224
-238 241 194
-236 262 36
-218 225 174
-195 212 77
-180 170 20
-179 194 1
-170 165 10
-160 145 0
-123 134 37
-117 117 43
-80 100 6
-59 70 15
-41 59 3
#
