#
-1471 2233 167
-1450 2223 155
-1428 2161 210
-1418 2113 135
-1404 2094 149
-1361 2066 129
-1342 2055 148
-1334 2004 116
-1313 1994 137
-1294 1938 174
-1293 1904 166
-1275 1678 363
-1270 1970 102
-1260 1906 154
-1258 1668 351
-1240 1628 348
-1225 1800 67
-1216 1565 330
-1199 1546 325
-1185 1500 368
-1172 1535 311
-1150 1760 257
-1147 1710 110
-1138 1449 312
-1137 1787 7
-1118 1439 332
-1097 1350 371
-1089 1369 265
-1078 1325 312
-1062 1303 328
-1060 1283 368
-1054 1720 88
-1041 1268 349
-1029 1245 263
-1017 1614 245
-1013 1223 279
-973 1202 299
-962 1166 300
-942 1378 202
-935 1236 225
-923 1363 197
-893 1073 344
-892 1102 263
-885 1015 336
-869 993 346
-855 1002 306
-834 961 285
-828 1144 249
-820 923 271
-798 1264 203
-797 903 316
-790 843 241
-766 832 217
-753 784 272
-744 808 221
-723 740 242
-709 764 228
-693 720 212
-662 690 181
-657 732 174
-623 656 74
-607 634 84
-543 596 339
-529 590 26
-509 580 26
-492 532 31
-483 557 0
-473 545 10
-454 531 195
-431 499 10
-414 463 232
-401 486 40
-383 466 98
-378 424 161
-368 418 121
-358 413 137
-338 389 147
-331 358 131
-302 350 141
-297 369 56
-280 364 79
-270 346 129
-241 330 32
-240 342 19
-221 284 161
-216 291 106
-194 251 131
-184 232 141
-163 295 87
-151 268 41
-150 227 80
-133 190 90
-103 176 27
-74 185 11
-63 144 3
-53 125 13
#
