#
-2961 4794 169
-2940 4783 148
-2867 4741 187
-2831 4666 79
-2809 4627 134
-2765 4567 165
-2745 4557 152
-2722 4504 141
-2682 4463 141
-2640 4491 108
-2571 4405 213
-2566 4344 218
-2518 4297 210
-2493 4257 196
-2487 4281 190
-2432 4087 396
-2417 4165 346
-2413 4223 205
-2386 4070 252
-2372 3976 396
-2327 3926 362
-2317 3914 362
-2301 3775 413
-2292 4047 352
-2275 3713 739
-2252 3600 766
-2225 3809 372
-2205 3841 345
-2185 3571 739
-2157 3464 755
-2142 3403 709
-2132 3676 454
-2103 3576 377
-2063 3564 441
-2040 3584 342
-2012 3463 696
-1982 3492 320
-1938 3258 626
-1902 3319 618
-1875 3423 604
-1794 3252 570
-1786 3148 650
-1776 3075 656
-1754 3220 612
-1735 2996 602
-1694 2925 688
-1670 2852 716
-1636 2939 555
-1609 2830 643
-1565 2637 676
-1540 2707 663
-1446 2506 662
-1424 2456 503
-1423 2627 408
-1388 2398 660
-1336 2358 692
-1314 2297 686
-1272 2273 651
-1242 2177 568
-1218 2114 622
-1154 2058 595
-1137 2184 530
-1099 2036 540
-1084 1952 534
-1077 1923 523
-1057 1913 503
-1004 1858 548
-978 1691 574
-936 1631 726
-912 1573 466
-894 1477 719
-855 1619 415
-834 1420 476
-823 1513 243
-795 1431 434
-765 1280 691
-728 1349 584
-692 1341 241
-662 1203 273
-634 1175 560
-609 1068 476
-581 936 461
-566 1012 310
-541 974 265
-523 896 299
-494 736 310
-448 781 255
-348 828 121
-333 686 136
-256 523 136
-243 523 31
-193 385 63
-173 373 43
-164 357 90
-140 285 10
-120 213 0
-114 199 6
-64 130 19
#
