#
-1208 1261 26
-1193 1222 41
-1172 1195 20
-1136 1177 46
-1121 1138 31
-1101 1125 51
-1088 1079 64
-1068 1066 84
-1066 1118 16
-1048 1055 104
-1046 1031 152
-1040 1011 142
-1025 972 127
-1005 951 147
-1003 1000 87
-987 941 165
-983 987 67
-976 918 176
-973 951 117
-959 902 65
-926 875 226
-916 864 236
-907 835 9
-896 796 2
-875 776 23
-858 764 36
-846 743 6
-828 730 28
-806 711 46
-787 687 107
-756 684 100
-749 669 145
-728 646 124
-706 641 92
-701 595 197
-694 624 162
-686 630 112
-681 573 177
-665 602 133
-660 555 198
-651 544 189
-643 553 139
-632 530 128
-622 526 178
-599 496 137
-581 479 119
-571 469 109
-538 455 76
-533 450 71
-508 433 390
-488 411 370
-488 422 16
-470 401 352
-459 378 341
-450 391 332
-439 368 321
-429 367 311
-422 355 378
-421 350 303
-409 335 291
-399 325 281
-387 332 269
-373 358 261
-372 312 328
-366 311 248
-357 321 239
-354 304 280
-339 294 265
-333 345 221
-329 288 285
-325 271 207
-305 260 187
-302 261 184
-274 242 230
-258 237 214
-253 224 209
-244 227 200
-237 230 193
-231 222 157
-216 209 172
-192 250 36
-173 198 55
-151 188 77
-143 169 25
-112 155 0
-97 134 59
-78 88 34
-78 90 4
-59 70 15
-41 59 3
#
