#
-4736 7827 286
-4673 7792 286
-4600 7683 369
-4490 7585 220
-4417 7521 244
-4410 7552 237
-4333 7370 309
-4297 7288 313
-4257 7259 313
-4237 7239 363
-4152 7202 284
-4126 7182 290
-4037 7037 430
-4028 7026 414
-4019 7067 288
-3944 7063 210
-3876 6950 782
-3848 6569 1013
-3831 6686 578
-3806 6764 576
-3781 6942 455
-3742 6201 1063
-3645 6573 495
-3643 6812 347
-3621 6355 891
-3576 6182 1023
-3524 6094 916
-3498 5826 942
-3415 6278 783
-3365 5774 906
-3290 6196 805
-3221 5957 817
-3070 5475 935
-3041 5748 757
-2954 5823 739
-2888 5721 692
-2845 4658 997
-2834 5455 848
-2806 5294 836
-2715 5651 564
-2703 5125 895
-2682 5600 614
-2660 4624 868
-2569 4824 838
-2562 4941 734
-2457 4405 975
-2420 4292 975
-2318 4277 957
-2281 4871 795
-2197 4139 1064
-2161 4112 970
-2066 4796 682
-2053 3990 698
-1951 4592 638
-1921 4477 668
-1901 4763 609
-1837 3866 863
-1785 3829 708
-1732 3178 855
-1702 3493 744
-1696 3277 821
-1636 3425 762
-1585 3669 724
-1576 2959 957
-1538 2726 970
-1469 2762 808
-1350 3175 687
-1343 2873 714
-1293 3351 528
-1106 2673 521
-1041 2264 905
-969 2555 673
-924 1981 721
-851 2128 671
-776 2381 475
-715 2395 360
-625 1722 350
-604 1152 540
-591 1344 491
-563 1437 439
-516 2276 138
-427 2095 179
-398 1882 179
-376 1553 158
-339 1341 197
-288 1016 138
-280 1512 130
-268 1772 78
-251 956 158
-242 1221 90
-221 944 158
-209 719 106
-203 908 59
-173 849 59
-160 485 10
-150 471 0
-103 390 40
-47 241 19
#
