#
-4086 7821 214
-4066 7804 194
-4001 7725 209
-3942 7616 323
-3877 7535 303
-3827 7541 248
-3725 7404 265
-3651 7334 452
-3628 7463 228
-3545 7161 462
-3524 7266 244
-3475 7095 424
-3400 7018 591
-3333 6966 405
-3274 6615 932
-3254 6857 383
-3253 6754 727
-3233 6383 857
-3194 6843 682
-3107 6325 792
-3080 6088 887
-3046 6498 363
-2980 5943 907
-2960 6523 359
-2931 5809 925
-2925 6041 827
-2844 5669 889
-2802 5861 776
-2799 6222 513
-2673 6150 501
-2575 5156 837
-2512 4705 868
-2471 5303 758
-2456 5517 726
-2397 5476 706
-2393 5047 772
-2370 5261 742
-2282 4537 800
-2246 4951 649
-2198 5748 562
-2170 4346 879
-2146 4772 624
-2028 4596 733
-1963 4671 625
-1908 4162 787
-1883 4076 792
-1866 4530 584
-1805 4027 726
-1779 4326 693
-1724 3555 800
-1656 5163 528
-1612 3735 649
-1578 3971 602
-1566 3665 594
-1452 3395 678
-1437 3279 733
-1411 3026 667
-1350 2889 752
-1311 4394 369
-1259 4270 395
-1235 4527 356
-1234 3516 483
-1157 3581 445
-1150 3032 634
-1089 3968 409
-1082 3774 428
-1015 2838 483
-951 2460 475
-914 2083 800
-886 4281 140
-875 1781 811
-856 3880 120
-824 2626 455
-786 3645 326
-757 2197 554
-737 2437 522
-704 1795 544
-678 1939 483
-652 1902 540
-616 3180 197
-600 2757 271
-526 1741 385
-520 2275 271
-489 1659 335
-469 1579 343
-409 1380 319
-362 1191 317
-362 1433 299
-272 1559 100
-264 1862 91
-252 1502 60
-215 901 121
-180 820 80
-163 1073 31
-152 611 58
-120 986 20
-100 442 0
-64 256 29
#
