#
-1792 4053 60
-1769 3987 41
-1758 3871 62
-1728 3858 92
-1679 3497 148
-1673 3772 56
-1654 3579 55
-1651 3288 174
-1633 3702 34
-1614 3196 141
-1614 3399 36
-1597 3389 53
-1590 3181 205
-1572 3091 185
-1569 3007 105
-1539 2911 86
-1517 2906 88
-1515 2833 86
-1495 2793 86
-1479 2806 75
-1477 2749 101
-1453 2671 101
-1410 2646 244
-1398 2591 226
-1371 2534 217
-1368 2495 207
-1332 2467 196
-1322 2353 261
-1306 2331 196
-1278 2208 200
-1254 2130 200
-1232 2050 220
-1171 1912 230
-1151 1871 230
-1143 1819 236
-1136 1799 180
-1117 1683 236
-1097 1661 256
-1092 1681 136
-1090 1650 182
-1086 1585 156
-1066 1572 158
-1046 1532 138
-1006 1473 176
-999 1424 156
-965 1383 130
-945 1372 150
-939 1247 104
-909 1235 116
-892 1163 79
-872 1152 97
-852 1104 117
-836 1102 83
-809 1084 94
-786 1059 131
-777 923 66
-747 912 48
-727 901 48
-717 862 46
-687 840 47
-657 818 69
-637 792 187
-627 807 77
-613 764 191
-593 743 191
-558 734 206
-526 606 162
-496 577 142
-456 577 215
-442 554 170
-426 511 166
-382 517 160
-341 503 115
-322 451 120
-294 353 200
-272 438 152
-267 392 187
-244 362 124
-226 491 112
-224 349 144
-211 316 157
-145 645 31
-138 303 54
-124 357 24
-120 261 0
-114 203 6
-104 167 10
-89 136 15
-64 130 19
#
