#
-992 1247 32
-976 1226 48
-971 1180 11
-955 1159 27
-939 1043 85
-928 1147 0
-923 1022 101
-918 976 64
-904 1024 50
-895 1110 33
-891 964 37
-875 943 53
-868 954 14
-860 1091 2
-853 931 75
-852 933 30
-837 911 145
-810 900 118
-791 853 191
-775 881 83
-772 833 210
-769 806 85
-753 785 69
-752 787 68
-744 729 110
-728 708 94
-723 718 89
-707 697 73
-688 741 4
-680 665 174
-670 660 184
-664 644 158
-650 614 204
-643 634 137
-634 593 188
-632 627 146
-612 581 166
-583 606 101
-582 569 196
-579 560 113
-569 549 123
-558 529 76
-546 513 88
-543 537 57
-533 502 67
-523 492 77
-514 477 8
-504 472 18
-494 465 12
-482 449 24
-454 416 8
-444 412 2
-426 379 40
-416 369 30
-396 358 50
-376 352 90
-366 342 80
-343 332 103
-336 330 50
-320 292 202
-316 320 70
-310 312 172
-300 280 182
-290 310 152
-280 278 162
-266 253 192
-265 269 127
-262 267 124
-252 235 134
-242 217 204
-232 223 114
-215 212 171
-195 200 151
-185 202 141
-180 197 106
-165 184 121
-163 265 103
-155 185 111
-140 240 28
-130 266 22
-115 163 71
-110 132 28
-110 137 2
-91 109 27
-91 118 17
-78 83 40
-78 88 34
-59 70 15
-54 86 10
-41 59 3
#
