#
-965 1234 5
-950 1209 10
-944 1167 26
-932 1138 28
-929 1142 11
-917 1114 43
-912 1057 48
-911 1071 7
-897 1030 63
-891 990 27
-876 963 42
-855 949 63
-833 938 31
-822 905 96
-806 855 58
-795 898 47
-790 845 42
-781 793 83
-770 814 22
-765 783 67
-750 752 52
-737 770 11
-735 743 129
-729 735 73
-720 717 114
-715 697 149
-712 707 14
-711 690 153
-696 664 138
-680 650 122
-664 637 170
-660 658 98
-658 623 100
-642 605 84
-624 595 102
-610 579 116
-592 566 134
-570 532 128
-550 521 148
-544 494 62
-522 476 40
-520 441 38
-514 477 32
-500 429 58
-488 414 6
-482 464 0
-468 412 54
-458 399 36
-450 390 8
-438 388 56
-430 380 28
-404 358 18
-384 347 2
-364 337 18
-346 335 212
-334 327 108
-328 325 194
-320 289 202
-316 325 182
-314 309 180
-308 315 174
-306 273 188
-304 317 78
-300 279 182
-288 270 206
-276 287 142
-269 250 225
-264 301 118
-260 282 78
-252 233 134
-242 220 160
-228 216 110
-223 200 179
-213 195 169
-196 195 152
-191 193 147
-180 202 106
-165 189 121
-135 173 91
-115 163 71
-113 147 69
-95 158 51
-89 116 45
-78 88 34
-78 90 4
-41 59 3
#
