#
-2449 7501 95
-2413 7319 95
-2398 7288 80
-2392 7275 116
-2376 7040 112
-2331 6604 137
-2319 6813 116
-2300 6558 146
-2278 6152 137
-2231 6129 154
-2224 6331 86
-2207 6320 103
-2167 5918 99
-2151 5872 94
-2122 5701 224
-2118 5645 228
-2102 5530 202
-2095 5528 150
-2086 5301 201
-2027 5095 160
-1992 5067 196
-1966 4807 106
-1896 4776 119
-1885 4524 257
-1875 4695 218
-1867 4364 216
-1829 4273 226
-1823 4286 192
-1803 4194 155
-1739 4005 190
-1719 3995 210
-1696 3930 452
-1672 3825 451
-1658 3748 397
-1623 3734 460
-1576 3680 123
-1569 3461 413
-1549 3445 433
-1548 3199 150
-1456 2919 340
-1437 3513 131
-1407 2826 389
-1386 3036 172
-1367 2673 335
-1364 3013 94
-1317 2583 345
-1307 2730 315
-1291 2556 371
-1257 2764 294
-1245 2752 282
-1206 2523 323
-1175 2490 409
-1151 2421 347
-1121 2328 300
-1113 2249 374
-1098 2099 353
-1078 2031 353
-1018 1878 364
-967 2091 307
-913 2075 280
-893 2304 251
-889 1780 260
-873 2292 235
-837 1861 226
-780 1524 377
-777 1441 370
-733 1483 310
-717 1303 382
-696 1726 301
-693 1401 270
-651 1541 244
-591 1254 244
-570 1178 254
-516 1015 357
-466 886 384
-427 1032 273
-419 1343 224
-398 955 273
-357 848 233
-346 743 264
-334 885 179
-254 1028 59
-214 1002 44
-205 633 67
-179 575 39
-179 644 29
-150 510 0
-137 504 13
-132 456 28
-89 326 20
#
