#
-1859 4503 97
-1839 4492 77
-1818 4391 77
-1784 4161 107
-1776 4265 99
-1770 4360 41
-1752 4037 139
-1750 4022 165
-1750 4349 53
-1736 4134 21
-1713 3918 43
-1675 3580 281
-1669 3705 165
-1665 3907 63
-1651 3350 261
-1630 3249 261
-1617 3586 129
-1595 3466 89
-1588 3811 76
-1575 3329 224
-1575 3453 109
-1571 3119 242
-1552 3211 205
-1529 2994 205
-1525 3675 34
-1499 2976 235
-1458 2625 281
-1452 3155 130
-1428 3112 154
-1413 2602 215
-1400 2425 287
-1389 2750 183
-1369 2740 203
-1341 2295 248
-1316 2500 172
-1310 2281 264
-1298 2158 235
-1288 2155 225
-1282 1924 205
-1242 1891 235
-1221 2063 192
-1217 2348 141
-1185 1815 148
-1178 1670 116
-1148 1649 146
-1140 1480 231
-1120 1397 251
-1119 1602 136
-1099 1592 136
-1080 1373 271
-1056 1357 275
-1049 1570 166
-1036 1227 127
-997 1170 88
-977 1089 108
-933 1059 132
-917 1052 128
-914 934 27
-894 851 47
-874 838 47
-850 822 71
-830 811 51
-800 800 60
-780 776 60
-745 732 81
-731 725 101
-700 693 236
-664 703 216
-651 611 181
-635 559 197
-603 609 186
-573 596 175
-555 599 157
-535 495 217
-525 491 221
-465 459 221
-430 415 206
-424 407 210
-404 397 190
-380 460 150
-340 366 210
-325 338 217
-314 399 124
-303 381 195
-254 276 160
-214 221 165
-184 300 76
-154 516 36
-130 223 10
-120 200 0
-114 158 6
-64 130 19
#
