#
-2330 7295 74
-2306 7226 92
-2300 6716 70
-2263 6553 67
-2263 6669 60
-2252 6620 60
-2224 6418 82
-2197 6232 207
-2186 6012 117
-2179 6371 50
-2145 5952 91
-2133 5746 117
-2130 5725 111
-2128 5930 97
-2119 5557 193
-2113 5735 87
-2083 5529 207
-2053 4949 203
-2020 4925 188
-2016 4787 177
-1995 5266 173
-1972 5379 143
-1947 4546 203
-1917 5131 115
-1907 4610 173
-1893 5069 105
-1890 4419 152
-1862 4186 166
-1827 4318 141
-1814 4090 145
-1804 4061 135
-1784 4050 155
-1715 3976 168
-1659 3968 430
-1626 3510 478
-1617 3667 424
-1589 3347 452
-1572 3309 460
-1557 3130 441
-1528 3158 433
-1502 3224 332
-1497 3066 392
-1471 3670 296
-1451 3013 392
-1445 3889 208
-1438 3002 372
-1399 3829 162
-1379 3819 182
-1332 2890 368
-1300 2799 441
-1299 3656 250
-1265 3095 246
-1209 2856 283
-1175 2389 412
-1169 2846 284
-1139 2694 353
-1123 2337 386
-1110 2669 343
-1094 1930 410
-1061 1919 410
-1050 2072 370
-1025 2274 350
-996 2117 343
-981 2249 297
-972 2245 318
-963 2116 310
-909 1805 343
-883 2306 257
-855 1784 333
-849 1500 422
-826 1655 310
-790 1597 363
-756 1307 415
-737 2004 274
-709 1215 398
-659 1572 257
-629 1726 172
-576 1157 257
-556 1090 267
-552 1065 402
-546 1143 227
-534 960 420
-496 936 267
-471 1012 238
-429 1241 185
-389 821 215
-370 766 220
-347 762 197
-336 643 245
-326 1432 129
-291 759 117
-232 581 128
-207 1275 30
-200 617 70
-170 719 40
-150 475 0
-132 369 18
-127 437 13
-89 326 20
#
