#
-901 1228 43
-891 1167 11
-885 1222 5
-873 1156 29
-856 1205 2
-853 1108 9
-834 1119 8
-832 983 70
-826 1038 64
-815 954 87
-802 1077 40
-795 906 67
-794 1075 32
-781 1007 19
-774 893 88
-768 894 40
-762 912 0
-747 881 61
-742 889 20
-733 861 129
-724 871 38
-706 849 102
-700 827 202
-683 839 79
-680 779 182
-670 817 172
-662 798 164
-658 735 104
-641 706 87
-631 696 97
-625 648 137
-615 635 107
-610 683 76
-605 625 117
-598 618 130
-595 616 167
-588 603 140
-579 661 25
-577 607 109
-567 590 119
-562 600 114
-556 584 48
-548 566 180
-546 574 58
-537 563 149
-527 553 159
-516 569 18
-506 532 98
-503 502 5
-483 491 15
-473 476 25
-463 460 35
-443 449 55
-442 429 66
-433 439 65
-422 417 46
-412 402 36
-408 410 32
-392 377 16
-372 365 4
-345 327 163
-342 354 34
-332 354 44
-325 310 143
-313 285 195
-305 306 123
-302 342 74
-293 273 175
-283 258 165
-275 264 93
-273 243 155
-253 231 135
-243 221 125
-236 219 192
-226 209 182
-221 211 147
-206 198 162
-196 198 152
-166 186 122
-158 213 50
-141 177 67
-136 172 92
-126 164 82
-121 158 77
-110 137 2
-91 109 27
-78 88 34
-59 70 15
-41 59 3
#
