#
-4287 10813 449
-4218 10762 428
-4068 10675 414
-4042 10638 414
-3955 10440 429
-3925 10230 429
-3842 9141 871
-3821 9851 658
-3743 8970 823
-3703 10139 418
-3662 9497 536
-3547 9275 680
-3542 9845 424
-3432 8990 724
-3408 8364 819
-3357 8839 671
-3319 8721 787
-3291 9035 623
-3218 7800 864
-3176 8412 501
-3157 10032 317
-3021 8086 671
-2986 8604 257
-2978 8594 239
-2927 8107 656
-2894 7508 813
-2853 7848 777
-2773 7669 671
-2698 6441 849
-2627 6811 808
-2613 6700 808
-2601 7680 267
-2506 7069 743
-2465 6503 743
-2450 5396 831
-2401 7259 576
-2389 6911 566
-2369 6900 586
-2305 6214 795
-2252 6151 795
-2229 6232 624
-2199 5726 624
-2125 6790 476
-2095 6100 482
-2032 5649 542
-1958 5617 554
-1903 5288 624
-1888 5491 517
-1873 5106 614
-1830 4757 594
-1780 5020 584
-1768 4674 709
-1680 5389 486
-1656 4765 471
-1615 4625 522
-1585 3966 574
-1515 4366 507
-1497 3993 536
-1457 5300 431
-1402 3586 556
-1371 3861 471
-1295 4171 395
-1266 3570 522
-1246 3272 604
-1185 3357 462
-1132 3954 457
-1094 3686 366
-1046 3138 763
-1011 2568 522
-918 2890 373
-900 2459 391
-881 2377 763
-825 2152 402
-814 3299 349
-811 3683 330
-711 2592 361
-661 2660 278
-647 1811 537
-618 3158 147
-578 1976 293
-578 1976 303
-513 1642 327
-499 2800 177
-480 3016 159
-453 1344 313
-451 2452 126
-443 1056 313
-409 1696 210
-360 2229 117
-327 1583 105
-309 1158 149
-272 1313 32
-234 1003 54
-224 886 64
-191 629 31
-180 304 0
-120 146 20
#
