#
-1662 6688 44
-1643 6663 44
-1620 6560 39
-1616 6497 41
-1601 6303 54
-1598 6418 41
-1582 5872 67
-1559 5823 62
-1555 5706 62
-1540 5512 62
-1538 6047 54
-1514 5389 145
-1501 6158 25
-1479 4582 125
-1469 5347 94
-1449 4531 145
-1436 5325 95
-1417 5155 100
-1415 4996 98
-1411 5169 64
-1397 5043 76
-1396 4876 104
-1394 4270 125
-1384 4410 84
-1357 4157 84
-1343 4950 46
-1338 3924 123
-1320 4065 101
-1307 3890 123
-1306 3468 151
-1278 3620 90
-1274 3398 110
-1249 3324 151
-1246 3250 171
-1226 3236 171
-1224 3013 139
-1212 2909 127
-1195 3781 89
-1162 2882 147
-1155 2765 130
-1125 2749 140
-1103 2525 147
-1073 2512 177
-1057 2378 181
-1055 2155 119
-1035 2141 119
-1035 2429 99
-1005 2127 149
-985 2407 109
-975 2035 129
-955 2019 129
-946 1771 56
-926 1757 50
-896 1743 80
-876 1664 36
-876 1750 30
-856 1740 34
-826 1601 86
-826 1634 66
-788 1410 204
-768 1396 198
-756 1489 116
-736 1446 160
-698 1354 166
-688 1344 166
-648 1254 184
-642 1263 158
-616 1167 196
-596 1152 196
-586 1226 186
-576 1142 176
-570 1152 170
-549 1059 173
-539 1052 173
-519 1036 153
-482 1013 158
-455 921 204
-435 841 199
-417 873 168
-379 775 143
-317 723 153
-317 730 143
-275 645 206
-239 577 135
-219 615 128
-182 496 100
-177 589 73
-167 595 63
-119 564 25
-116 875 13
-100 642 0
-99 379 18
-97 567 3
-89 326 20
-89 434 8
#
