#
-1992 6744 126
-1942 6378 176
-1908 6519 56
-1892 6338 68
-1878 6506 42
-1865 6263 42
-1858 6009 118
-1828 6140 92
-1822 5396 208
-1795 5896 92
-1784 5741 131
-1782 5285 208
-1765 5668 84
-1758 5157 150
-1749 5656 81
-1722 4989 150
-1690 5292 110
-1684 4944 130
-1664 4735 116
-1649 4403 243
-1638 4801 101
-1613 4577 124
-1609 4281 277
-1589 4271 297
-1542 4192 175
-1521 4078 138
-1515 3996 269
-1510 3961 159
-1487 3883 136
-1460 3595 159
-1456 3299 277
-1419 3488 136
-1418 3150 239
-1398 3140 259
-1372 3074 193
-1354 3044 193
-1331 2967 170
-1292 2938 190
-1257 2819 308
-1239 2789 308
-1223 2689 308
-1192 2466 364
-1189 2730 260
-1159 2717 230
-1146 2389 318
-1104 2560 276
-1083 2257 285
-1073 2256 295
-1062 2180 327
-1054 2195 226
-1026 2337 218
-1017 2147 226
-972 2068 327
-958 2027 335
-919 1907 376
-884 1898 335
-874 1836 345
-839 1832 300
-816 1728 353
-768 1518 234
-738 1419 244
-710 1559 232
-673 1322 234
-660 1248 215
-636 1275 199
-607 1183 194
-593 1613 169
-563 1176 199
-556 1132 209
-526 1006 247
-521 954 252
-481 898 183
-451 884 183
-439 1020 144
-431 841 162
-387 833 207
-376 762 252
-311 751 217
-283 657 162
-277 636 153
-265 728 115
-264 621 185
-220 604 70
-190 571 60
-180 557 30
-180 557 50
-166 753 10
-150 513 0
-137 459 13
-129 397 38
-89 329 20
#
