#
-3034 10720 113
-2978 10453 88
-2955 10442 95
-2894 10362 156
-2873 10348 150
-2836 10231 166
-2773 9990 211
-2763 10157 201
-2709 9690 250
-2700 9944 190
-2661 9944 176
-2645 9890 171
-2639 9608 250
-2607 8875 395
-2529 8878 387
-2508 8799 497
-2494 9312 272
-2473 9299 257
-2453 8711 497
-2409 9145 235
-2398 8626 413
-2349 8332 387
-2324 8814 342
-2233 8324 358
-2209 8106 497
-2207 9070 277
-2183 7681 380
-2151 7876 372
-2130 7126 482
-2080 7674 349
-2071 7186 395
-2037 7622 333
-1990 6858 366
-1943 6648 500
-1903 6872 357
-1878 6637 449
-1873 6428 395
-1848 8023 292
-1847 6762 372
-1814 7815 290
-1771 7716 282
-1768 7426 333
-1748 5959 482
-1728 5807 468
-1699 6189 417
-1676 5484 466
-1628 6861 313
-1615 6350 415
-1578 5677 435
-1532 6656 266
-1523 5525 352
-1428 5117 458
-1406 5696 321
-1390 5055 478
-1374 4722 404
-1344 4590 463
-1335 5441 392
-1274 5006 339
-1216 4857 368
-1199 4472 409
-1195 3942 433
-1167 4142 417
-1124 3401 490
-1100 4138 292
-1034 4365 263
-1032 3254 443
-976 3653 388
-955 3548 427
-954 4090 284
-911 2947 398
-872 2814 312
-825 3787 234
-793 3238 247
-770 2637 312
-722 2265 388
-717 1933 447
-665 2187 302
-650 1883 470
-640 1860 480
-600 3091 218
-599 2586 199
-597 1729 205
-572 2862 189
-525 1618 133
-484 1731 111
-427 1387 247
-405 1201 123
-319 1603 80
-295 1073 80
-285 1062 90
-263 1343 63
-237 1499 57
-210 747 30
-198 727 64
-181 620 47
-180 422 0
-162 385 18
-121 296 21
-101 203 21
#
