#
-1718 7339 151
-1700 7260 169
-1694 7101 127
-1669 6791 162
-1652 7008 145
-1631 6450 181
-1626 6222 157
-1611 6670 62
-1608 6143 157
-1593 6591 80
-1585 5984 235
-1580 6151 76
-1577 5966 188
-1561 5820 95
-1547 5643 235
-1542 5416 211
-1530 5644 126
-1522 5400 211
-1511 5239 211
-1493 5554 123
-1474 5184 225
-1457 5001 149
-1446 4837 149
-1411 4674 241
-1389 4703 183
-1385 5163 148
-1371 4403 274
-1356 4259 217
-1350 4236 264
-1320 4165 294
-1302 4021 152
-1260 3681 278
-1255 3763 232
-1250 3671 288
-1236 3443 254
-1216 3433 254
-1210 4171 134
-1196 3885 114
-1177 3554 114
-1175 3237 284
-1138 4015 113
-1126 3663 90
-1120 3001 199
-1120 3304 192
-1092 2912 231
-1054 2899 390
-1051 3102 119
-1042 2702 189
-1042 2856 29
-1026 2561 97
-1006 2442 301
-995 2410 66
-965 2325 66
-955 2303 106
-918 2237 44
-908 2108 301
-889 2104 320
-864 2139 197
-861 1971 209
-840 1795 178
-807 1979 175
-798 2139 155
-770 1625 208
-733 1637 129
-676 1449 185
-624 1456 175
-591 1309 160
-564 1288 158
-536 1226 166
-516 1198 168
-484 1062 246
-481 1188 168
-445 957 193
-393 977 158
-377 1086 144
-325 800 175
-284 600 193
-262 740 139
-243 647 139
-219 727 89
-192 687 64
-180 890 32
-169 588 19
-159 537 29
-150 569 0
-140 492 10
-128 399 37
-98 330 18
#
