#
-1036 1207 92
-1019 1187 75
-1018 1157 74
-1015 1153 113
-997 1104 95
-981 1091 111
-975 1133 63
-962 1073 130
-958 1018 14
-942 1006 30
-923 992 49
-912 976 32
-902 935 70
-896 932 26
-886 922 86
-877 950 3
-857 913 23
-856 893 24
-840 881 40
-828 866 20
-804 837 4
-793 836 39
-773 826 19
-756 814 44
-749 769 343
-744 792 228
-735 800 65
-729 755 363
-724 781 248
-704 771 268
-699 761 223
-690 729 364
-678 738 202
-670 719 384
-669 616 303
-662 706 146
-658 774 142
-653 702 227
-644 596 278
-642 669 166
-624 586 298
-623 575 257
-617 658 191
-613 684 97
-603 560 277
-589 534 349
-580 532 174
-569 524 369
-560 516 320
-556 508 416
-556 636 80
-539 495 399
-531 504 391
-516 644 0
-503 624 13
-500 456 380
-490 455 390
-479 470 233
-475 438 235
-474 422 334
-464 412 344
-455 425 215
-447 409 307
-441 548 35
-427 396 287
-425 399 285
-415 389 295
-395 387 255
-385 375 245
-378 398 138
-377 338 333
-365 365 265
-357 324 313
-357 348 239
-347 326 303
-338 361 238
-337 368 179
-317 321 199
-310 310 266
-282 292 208
-267 279 223
-260 304 106
-242 253 124
-232 295 54
-223 270 17
-213 264 73
-205 226 161
-193 241 53
-177 212 103
-162 189 44
-142 157 98
-129 192 9
-119 131 1
-102 129 58
-92 118 48
-78 83 40
-72 106 28
-59 70 15
-41 59 3
#
