#
-1420 2218 113
-1399 2094 92
-1391 2164 84
-1382 2047 92
-1365 2024 109
-1346 1982 128
-1334 1994 27
-1290 1937 0
-1278 1886 66
-1247 1824 24
-1247 1869 21
-1228 1778 305
-1219 1807 54
-1211 1755 305
-1201 1766 278
-1181 1756 278
-1171 1558 284
-1137 1531 270
-1136 1510 249
-1127 1685 146
-1123 1481 332
-1121 1471 234
-1108 1642 146
-1106 1465 332
-1088 1433 297
-1081 1638 190
-1064 1622 190
-1046 1424 209
-1044 1390 192
-1031 1368 267
-1025 1341 173
-1007 1307 221
-995 1331 143
-976 1303 220
-962 1250 221
-921 1191 403
-916 1202 156
-910 1078 372
-900 1067 382
-896 1062 358
-879 1035 361
-876 1151 162
-864 1067 326
-854 1056 336
-852 990 382
-851 1106 187
-841 968 351
-838 990 348
-822 946 307
-802 999 272
-797 900 307
-787 890 317
-749 847 211
-716 783 226
-715 826 221
-686 800 203
-672 738 134
-662 727 144
-638 717 120
-630 698 434
-624 661 134
-590 640 120
-570 630 100
-559 611 98
-539 601 118
-524 557 338
-521 545 40
-491 524 70
-488 579 31
-448 503 64
-427 438 261
-418 467 94
-394 436 167
-362 422 150
-354 343 158
-334 322 148
-298 426 119
-290 347 127
-260 312 127
-245 280 180
-244 272 181
-224 260 161
-214 253 171
-187 415 89
-168 308 96
-153 186 110
-130 229 67
-94 201 22
-73 140 10
-64 140 3
-53 125 13
#
