#
-2269 4795 87
-2217 4773 127
-2206 4722 110
-2188 4673 166
-2152 4570 42
-2106 4524 30
-2071 4519 40
-2052 4259 252
-2019 4425 59
-2003 4202 233
-1995 4099 309
-1990 4351 52
-1975 4062 299
-1969 4312 70
-1925 4011 167
-1921 3979 279
-1905 3955 263
-1897 4242 142
-1878 3851 174
-1848 3766 204
-1818 3755 234
-1791 3725 519
-1787 3663 152
-1766 3611 509
-1730 3508 434
-1679 3478 223
-1634 3349 418
-1616 3152 489
-1604 3377 167
-1578 3305 394
-1546 3216 310
-1516 2941 384
-1496 2831 404
-1494 2921 384
-1469 3124 342
-1452 2796 444
-1410 2723 500
-1400 2712 500
-1396 3234 270
-1366 2852 270
-1364 2617 382
-1346 2839 290
-1316 2468 424
-1294 2554 352
-1256 2376 424
-1236 2362 404
-1226 2268 444
-1186 2192 444
-1172 2507 344
-1143 2016 605
-1133 2005 605
-1114 2104 392
-1095 2437 361
-1084 2003 342
-1040 1936 504
-1034 1760 534
-1024 1741 544
-996 1888 478
-988 1654 540
-974 1868 494
-952 1880 472
-912 1553 412
-886 1465 438
-862 1532 192
-826 1414 326
-802 1359 310
-752 1601 120
-727 1337 589
-722 1588 150
-702 1311 220
-668 1174 258
-627 1072 447
-597 1061 447
-542 1122 230
-530 817 320
-523 955 245
-522 1240 172
-516 1045 236
-505 752 325
-500 998 230
-492 1189 182
-472 1327 142
-438 780 258
-396 867 178
-384 631 335
-354 540 260
-291 660 207
-254 421 116
-204 296 96
-194 240 100
-140 357 20
-134 228 85
-120 266 0
-114 224 6
-89 133 15
-64 130 19
#
