#
-2014 2277 102
-1981 2256 135
-1958 2245 130
-1935 2225 155
-1915 2215 175
-1869 2186 51
-1859 2150 147
-1842 2131 65
-1786 2100 69
-1785 2094 57
-1756 2076 69
-1727 2061 94
-1701 2021 86
-1681 2007 66
-1659 1872 457
-1624 1950 152
-1613 1941 165
-1592 1836 376
-1573 1920 125
-1553 1891 125
-1514 1781 373
-1464 1717 357
-1422 1658 383
-1396 1637 357
-1376 1627 377
-1359 1676 274
-1329 1615 333
-1325 1797 252
-1314 1581 337
-1302 1515 620
-1290 1555 322
-1278 1594 282
-1254 1733 252
-1236 1458 545
-1224 1415 603
-1196 1434 495
-1195 1529 457
-1167 1384 552
-1159 1351 646
-1143 1317 557
-1133 1366 531
-1121 1594 240
-1108 1490 399
-1099 1293 560
-1093 1334 515
-1087 1442 349
-1052 1245 580
-1051 1424 170
-1017 1170 594
-982 1159 629
-946 1143 607
-932 1129 633
-926 1119 607
-917 1063 618
-909 1070 546
-884 1235 461
-870 1024 660
-858 1282 399
-841 995 474
-819 1124 300
-811 961 442
-791 951 442
-759 913 593
-749 901 470
-721 878 418
-696 909 403
-689 771 523
-669 841 366
-656 1088 327
-649 827 366
-633 737 423
-633 967 264
-578 675 450
-569 796 344
-528 625 483
-517 681 397
-510 596 344
-476 766 163
-446 719 163
-424 673 185
-413 546 203
-396 873 20
-393 651 188
-391 536 220
-373 704 116
-361 495 273
-348 476 248
-346 467 230
-338 695 78
-308 433 263
-281 392 210
-233 406 140
-210 360 0
-188 315 22
-165 301 45
-160 263 30
-138 218 50
-129 221 45
-78 259 7
-58 107 15
#
