#
-1411 4000 98
-1395 3809 98
-1375 3766 78
-1370 3936 57
-1359 3727 83
-1332 3452 177
-1312 3298 197
-1300 3400 143
-1296 3218 157
-1288 3585 51
-1280 3179 157
-1276 3064 177
-1263 3340 122
-1256 3050 197
-1226 3525 41
-1221 3474 21
-1210 3334 41
-1193 2846 90
-1181 2989 65
-1177 2687 207
-1167 2787 90
-1160 2928 60
-1146 2390 217
-1122 2566 149
-1111 2553 94
-1098 2326 100
-1096 2470 68
-1072 2267 110
-1070 2411 68
-1050 2004 196
-1047 2200 139
-1027 1859 237
-1011 1849 221
-1005 2131 139
-1002 2182 114
-988 2092 134
-983 1722 189
-975 1706 241
-968 1937 134
-948 1498 114
-942 1593 88
-926 1583 74
-908 1469 134
-882 1410 108
-880 1421 74
-860 1402 54
-850 1375 60
-844 1292 174
-836 1339 46
-826 1319 152
-820 1201 40
-804 1160 56
-768 1041 120
-764 1129 46
-748 911 120
-734 1118 16
-714 989 76
-684 818 86
-674 847 76
-664 804 66
-618 708 230
-604 742 214
-600 710 190
-560 660 200
-554 744 166
-530 650 160
-520 636 160
-508 608 230
-484 568 196
-469 536 205
-433 520 239
-424 516 206
-394 506 196
-364 447 166
-360 485 130
-354 419 136
-314 387 206
-279 330 225
-250 389 130
-239 300 185
-229 288 145
-224 296 116
-209 265 125
-174 241 80
-140 582 20
-134 239 26
-120 266 0
-114 200 6
-104 163 10
-74 162 25
-64 130 19
#
