#
-1717 9483 87
-1705 9468 75
-1703 9291 73
-1691 9276 63
-1681 8989 87
-1652 8058 127
-1652 8747 61
-1645 8456 96
-1631 8263 82
-1626 7851 103
-1619 8248 70
-1601 7579 167
-1591 6864 113
-1580 7832 90
-1567 7200 103
-1564 7741 56
-1555 6370 113
-1535 6810 95
-1511 7086 86
-1505 5756 115
-1499 6316 87
-1488 5549 119
-1473 6863 65
-1447 5874 86
-1422 5419 146
-1414 4812 119
-1394 4801 135
-1393 5018 91
-1384 4790 145
-1377 5729 64
-1358 5100 89
-1356 4762 107
-1332 4562 112
-1319 4282 63
-1311 5128 42
-1286 4179 63
-1275 4961 42
-1251 4135 165
-1246 3803 112
-1246 4945 22
-1180 3321 140
-1164 3655 93
-1131 3295 131
-1096 3242 194
-1082 2920 159
-1077 3132 130
-1057 3481 100
-1037 3471 100
-1013 2562 194
-984 2549 203
-953 2370 194
-944 2848 193
-927 2429 193
-919 2210 185
-909 2199 185
-870 2317 150
-856 2092 154
-836 2082 174
-818 2052 181
-815 1964 178
-770 1815 205
-744 1741 211
-707 1697 170
-651 1449 177
-631 1420 163
-619 1332 190
-584 1434 158
-559 1234 176
-554 1011 190
-514 1049 180
-493 1112 179
-479 1197 176
-448 972 140
-409 873 190
-389 860 170
-334 858 126
-315 532 191
-264 459 192
-226 584 80
-213 781 60
-208 478 50
-205 461 53
-186 747 40
-161 821 30
-151 724 30
-147 542 37
-143 514 17
-120 582 0
-109 539 11
-96 339 24
-90 323 18
#
