#
-2412 9906 191
-2378 9886 191
-2340 9544 191
-2292 9422 191
-2282 8427 275
-2257 9761 188
-2248 9264 217
-2243 8114 288
-2219 9107 117
-2217 8385 255
-2200 9097 136
-2195 9068 113
-2171 8908 165
-2150 8012 295
-2108 7651 200
-2087 8703 177
-2070 7323 212
-2022 7528 200
-2004 6910 286
-1967 6765 312
-1909 6599 479
-1892 6388 257
-1886 7130 236
-1862 6316 257
-1821 6311 281
-1820 6026 243
-1760 5998 243
-1729 5536 416
-1665 5924 397
-1632 5552 391
-1625 5023 446
-1615 5013 456
-1594 4999 456
-1564 5307 313
-1554 5146 341
-1496 4814 489
-1471 4730 311
-1455 4539 401
-1435 4682 311
-1420 4748 297
-1403 4376 326
-1362 4158 387
-1356 4141 369
-1321 4039 430
-1296 3954 406
-1292 4217 348
-1270 3829 456
-1251 3686 420
-1234 3798 332
-1221 3668 440
-1190 3398 341
-1160 3369 258
-1148 3204 367
-1078 3093 401
-1026 2964 329
-1017 2784 379
-1014 2977 319
-939 2438 466
-909 2428 466
-889 2356 349
-870 2069 175
-840 2059 145
-810 1789 229
-758 1936 198
-738 1743 248
-718 1664 268
-707 1550 306
-689 1742 226
-677 1472 266
-649 1669 84
-623 1300 110
-603 1290 130
-557 1037 171
-552 1100 91
-522 1008 101
-460 975 121
-382 658 130
-352 838 100
-321 509 211
-314 617 144
-292 768 72
-258 480 110
-254 422 154
-217 965 60
-200 643 60
-180 437 0
-168 398 48
-168 412 30
-138 303 20
-100 149 20
#
