#
-3464 4804 69
-3398 4746 135
-3378 4736 135
-3261 4657 86
-3214 4591 250
-3198 4569 139
-3140 4546 146
-3113 4522 89
-3076 4425 243
-2961 4422 227
-2942 4371 195
-2913 4268 289
-2909 4223 212
-2837 4215 282
-2765 4133 282
-2665 4125 254
-2629 4044 171
-2587 4037 475
-2538 3959 430
-2525 3792 750
-2497 3975 86
-2493 3847 492
-2482 3924 404
-2475 3556 839
-2363 3405 795
-2327 3711 396
-2297 3514 632
-2259 3696 528
-2255 3344 732
-2224 3290 753
-2199 3273 810
-2157 3612 379
-2126 3208 780
-2113 3118 802
-2055 3271 459
-2036 3641 147
-1989 3079 823
-1959 3069 793
-1937 3165 605
-1855 3488 359
-1845 2960 609
-1729 3383 302
-1706 2536 805
-1674 2822 695
-1674 2899 602
-1647 2658 642
-1637 2651 652
-1580 2785 589
-1575 2427 781
-1532 2482 719
-1493 2315 635
-1419 2193 734
-1409 2127 762
-1392 2246 679
-1366 2605 506
-1344 2080 747
-1307 2690 467
-1278 2336 527
-1275 2228 619
-1260 2008 663
-1181 2019 550
-1166 1989 562
-1160 1861 830
-1100 1585 830
-1092 1926 717
-999 1634 516
-969 1746 484
-950 1692 457
-920 1448 840
-914 1279 854
-853 1625 375
-813 1286 550
-771 1819 270
-751 1493 318
-713 1357 538
-705 1185 544
-660 1077 566
-631 1146 388
-601 1134 415
-575 1482 348
-543 927 323
-463 786 313
-407 1186 170
-340 652 180
-320 624 170
-285 847 135
-277 904 117
-277 937 107
-275 866 99
-243 436 43
-233 395 53
-197 328 59
-153 282 33
-134 189 40
-120 182 0
-85 144 25
-79 130 25
#
