#
-2002 9539 102
-1976 9299 85
-1956 8995 93
-1953 8720 123
-1950 9203 76
-1925 8599 116
-1910 8544 93
-1879 8148 116
-1874 8472 93
-1868 8121 126
-1865 7845 178
-1842 8254 97
-1839 7606 161
-1830 7349 213
-1806 7513 184
-1804 7110 196
-1744 7076 216
-1722 6870 211
-1698 6621 196
-1694 6735 187
-1665 6830 170
-1652 6408 196
-1648 5979 211
-1585 6023 202
-1555 5918 257
-1542 5727 209
-1518 5732 194
-1510 5094 211
-1494 5543 185
-1463 5475 177
-1444 5522 160
-1440 5443 164
-1417 5243 197
-1400 4519 194
-1379 4756 189
-1337 4199 220
-1307 4170 240
-1305 4045 250
-1304 3828 215
-1299 4404 182
-1244 3613 233
-1215 3134 259
-1183 3739 199
-1147 3324 251
-1143 3082 255
-1129 3064 345
-1125 2874 259
-1083 3478 203
-1063 3466 217
-1055 2562 153
-1025 2552 153
-1011 2461 153
-969 2402 175
-962 2239 153
-909 2180 107
-879 2157 107
-872 1979 63
-868 1889 171
-852 1969 48
-814 1667 225
-810 1938 137
-784 1531 125
-736 1702 110
-728 1501 150
-727 1808 53
-701 1783 57
-671 1773 74
-670 1278 125
-668 1272 155
-657 1207 166
-598 1008 151
-579 1070 90
-534 906 134
-493 1157 71
-441 951 110
-406 870 106
-373 903 50
-353 828 60
-353 869 22
-338 763 64
-323 853 29
-310 982 10
-306 681 140
-300 768 0
-270 643 146
-247 529 121
-234 492 141
-196 581 30
-174 391 83
-156 482 40
-125 310 41
-92 263 17
#
