#
-1690 2271 37
-1670 2261 17
-1640 2250 35
-1630 2186 85
-1626 2179 101
-1615 2233 42
-1585 2146 76
-1566 2094 101
-1533 2097 36
-1514 2049 49
-1487 2025 86
-1470 2014 131
-1463 1997 50
-1457 1955 24
-1439 1879 276
-1386 1857 239
-1376 1886 105
-1356 1875 105
-1334 1753 235
-1310 1740 235
-1294 1833 89
-1284 1689 383
-1274 1688 413
-1266 1647 175
-1266 1812 61
-1254 1616 413
-1243 1606 429
-1234 1606 393
-1213 1583 372
-1186 1572 361
-1175 1550 298
-1157 1487 384
-1133 1486 424
-1124 1418 349
-1094 1390 325
-1093 1442 324
-1085 1517 252
-1052 1348 342
-1044 1369 309
-996 1253 386
-990 1294 339
-984 1244 274
-972 1203 444
-962 1345 266
-961 1296 267
-952 1166 344
-944 1222 234
-933 1111 325
-914 1207 324
-875 1055 404
-856 1079 325
-838 1024 387
-830 1060 220
-784 975 333
-764 965 352
-752 980 221
-745 949 314
-734 931 524
-720 904 503
-686 855 490
-672 831 476
-669 858 459
-662 814 466
-659 765 158
-619 743 198
-609 681 158
-573 716 72
-542 644 91
-522 631 71
-489 611 278
-488 568 278
-442 593 30
-441 503 285
-421 530 211
-411 537 201
-402 520 192
-374 427 178
-369 513 159
-344 355 148
-321 388 131
-304 334 148
-274 323 118
-244 307 118
-208 272 157
-203 231 127
-174 468 96
-146 388 96
-130 453 40
-107 392 56
-107 427 44
-90 196 0
-83 152 7
-47 124 13
#
