#
-2098 7119 109
-2063 7064 109
-1984 6245 184
-1982 6963 121
-1972 6762 71
-1959 6509 121
-1939 6601 73
-1937 6746 36
-1934 6306 41
-1930 5714 113
-1912 5557 108
-1910 5503 171
-1894 6282 38
-1882 5089 184
-1881 6132 23
-1863 5382 64
-1851 4767 159
-1846 6121 43
-1833 4738 141
-1825 5155 73
-1800 5005 63
-1795 5962 54
-1775 5952 45
-1764 4553 97
-1746 4336 106
-1733 4905 46
-1708 4247 88
-1699 4893 80
-1652 4149 82
-1646 3613 279
-1616 3602 279
-1602 3380 201
-1587 4053 102
-1582 3370 221
-1579 4063 56
-1566 3872 157
-1551 3790 137
-1539 3194 213
-1509 3184 213
-1508 3181 183
-1447 3717 137
-1428 3079 263
-1427 2844 183
-1427 3707 157
-1394 2775 190
-1359 2509 225
-1319 2473 225
-1289 2754 163
-1279 2410 233
-1269 2744 163
-1244 2398 198
-1220 2659 118
-1206 2278 326
-1190 2648 118
-1186 2268 306
-1176 2256 306
-1150 2291 150
-1117 2170 317
-1089 2111 315
-1059 2101 295
-1035 2031 267
-988 1943 327
-981 1980 287
-967 1810 224
-927 1732 224
-907 1718 224
-880 1442 297
-850 1432 267
-800 1513 264
-750 1317 274
-716 1405 247
-711 1191 297
-663 1059 285
-631 1098 274
-623 1225 257
-576 1072 277
-548 943 315
-536 1061 237
-528 1011 245
-509 1023 210
-501 908 228
-451 907 248
-414 875 264
-386 683 282
-367 803 237
-332 626 250
-319 781 169
-278 640 187
-248 630 179
-221 566 107
-160 605 10
-150 522 0
-132 471 28
-122 388 18
-89 326 20
#
