#
-2466 10444 110
-2415 10423 110
-2409 9238 138
-2388 9520 132
-2372 9495 132
-2339 8301 140
-2329 10067 70
-2321 10157 62
-2309 10043 90
-2299 9156 136
-2298 8105 118
-2283 9937 92
-2277 9742 55
-2248 8073 79
-2233 8418 77
-2190 7849 88
-2176 7523 100
-2170 7828 73
-2155 7317 87
-2115 6895 319
-2093 6720 319
-2081 7161 124
-2050 6260 179
-2020 6248 209
-2006 6122 167
-1966 5876 222
-1958 5675 242
-1946 5866 202
-1933 5772 189
-1915 6031 183
-1889 5788 113
-1879 6663 41
-1873 4903 192
-1858 4826 169
-1843 6543 96
-1817 5547 133
-1809 4767 169
-1777 4573 146
-1740 4523 209
-1720 4504 229
-1714 4268 126
-1694 4242 124
-1654 4222 131
-1599 3989 328
-1576 4033 174
-1565 4027 156
-1553 4018 151
-1495 3420 262
-1452 3275 369
-1435 3384 260
-1388 3782 224
-1385 3096 276
-1355 3775 241
-1331 2972 302
-1290 3638 236
-1212 2941 292
-1207 2381 326
-1191 2442 274
-1143 2079 314
-1125 2669 268
-1093 1967 324
-1071 2801 242
-1014 2504 268
-998 2436 273
-994 1923 301
-978 2231 268
-934 1838 284
-889 2136 278
-882 1702 304
-857 1576 324
-816 1604 217
-809 1261 296
-789 1174 306
-693 1141 260
-644 1315 220
-616 950 306
-546 1088 220
-505 801 190
-485 1349 170
-433 731 213
-386 987 180
-337 653 165
-330 519 200
-290 1636 38
-270 421 140
-232 519 30
-190 566 10
-180 363 0
-150 258 20
-100 149 20
#
