#
-2299 9953 44
-2292 9938 44
-2285 9578 44
-2249 9539 54
-2242 9277 47
-2208 9082 78
-2197 8857 78
-2167 9212 36
-2144 8820 55
-2137 8448 172
-2132 8615 50
-2114 8053 172
-2095 7942 191
-2035 7745 149
-2008 7959 140
-2005 7734 179
-2002 8255 49
-2001 7267 171
-1988 8020 86
-1941 6479 172
-1934 6924 141
-1902 6659 171
-1896 6423 145
-1892 7405 119
-1874 6407 166
-1855 6174 179
-1821 6149 194
-1807 5599 141
-1782 5587 157
-1778 5356 172
-1751 5936 113
-1745 5315 158
-1729 5889 113
-1690 5087 188
-1637 4816 111
-1595 4647 222
-1582 4194 203
-1562 4179 203
-1489 4111 173
-1475 3879 136
-1435 3539 216
-1412 3477 246
-1393 3810 136
-1385 3238 232
-1357 3440 226
-1331 3078 256
-1319 2720 136
-1295 2570 160
-1256 2648 114
-1172 2476 154
-1166 2606 100
-1146 2584 120
-1093 2422 124
-1075 2278 176
-1035 2142 226
-1016 1987 234
-1006 1975 244
-989 1778 220
-952 1803 204
-909 1731 220
-864 1718 195
-837 1485 220
-783 1441 211
-771 1313 201
-759 1119 202
-729 1183 201
-699 1157 201
-639 1048 201
-622 951 191
-599 1035 162
-538 752 182
-503 931 162
-472 597 223
-416 914 150
-385 837 170
-356 883 90
-330 433 242
-299 693 170
-280 759 130
-266 651 80
-250 1409 70
-246 660 76
-216 479 96
-205 337 107
-180 603 60
-150 411 20
-139 286 61
-129 421 9
-120 394 0
-99 165 21
-89 230 11
#
