#
-1599 2158 52
-1574 2147 38
-1555 2135 27
-1546 1950 105
-1538 2097 47
-1533 2096 18
-1517 2033 78
-1515 2076 36
-1512 2009 83
-1490 1838 105
-1485 1890 91
-1469 1827 126
-1450 1817 65
-1446 1753 114
-1416 1775 71
-1403 1653 116
-1385 1692 53
-1361 1680 68
-1344 1661 85
-1332 1602 85
-1287 1537 0
-1270 1529 262
-1267 1526 20
-1226 1436 194
-1223 1513 156
-1200 1470 129
-1184 1419 206
-1182 1350 159
-1170 1285 159
-1129 1250 138
-1074 1222 118
-1062 1186 159
-1028 1160 125
-1008 1150 145
-1004 1127 125
-978 1132 115
-968 1107 169
-940 1091 139
-928 1037 359
-908 1024 359
-904 1076 288
-902 998 427
-894 1060 215
-888 1014 339
-881 977 406
-850 919 329
-841 999 320
-829 897 308
-804 879 283
-794 872 293
-784 868 303
-776 881 263
-773 831 314
-754 855 273
-737 811 318
-708 808 369
-703 791 344
-676 745 351
-656 725 401
-650 763 231
-640 723 385
-610 742 209
-596 710 394
-590 660 400
-590 684 369
-580 730 239
-569 638 379
-553 671 298
-520 689 211
-515 629 314
-495 617 323
-472 536 409
-456 525 380
-452 538 221
-420 496 219
-392 422 256
-382 609 204
-369 442 249
-360 456 188
-355 481 153
-335 471 133
-332 379 186
-299 398 179
-297 360 234
-249 357 199
-242 322 199
-217 300 174
-197 464 25
-172 272 58
-160 345 10
-123 174 80
-120 216 30
-83 155 7
-53 125 13
#
