#
-1464 2158 86
-1427 2125 53
-1404 2095 46
-1389 2049 25
-1368 1957 182
-1358 1910 45
-1349 2026 14
-1334 1886 21
-1319 1876 36
-1304 1858 31
-1303 1741 163
-1295 1721 213
-1280 1802 105
-1270 1799 85
-1256 1784 105
-1251 1566 132
-1247 1555 128
-1240 1639 99
-1238 1685 97
-1218 1673 77
-1209 1484 90
-1198 1697 54
-1186 1463 87
-1154 1445 118
-1154 1586 77
-1134 1434 138
-1122 1377 67
-1080 1348 107
-1071 1162 125
-1053 1333 124
-1041 1143 127
-1022 1132 146
-1017 1087 61
-998 1260 60
-966 1195 50
-955 1052 39
-929 1036 149
-895 1020 22
-880 1018 143
-864 995 98
-836 982 126
-805 982 82
-786 959 116
-775 919 401
-754 908 380
-731 875 365
-724 787 344
-691 822 337
-691 916 217
-681 856 335
-661 886 277
-653 675 301
-650 799 256
-619 874 155
-589 762 254
-583 627 291
-570 739 246
-560 657 254
-546 778 102
-535 613 291
-516 726 132
-511 696 233
-505 593 237
-492 713 114
-486 691 162
-449 586 199
-439 539 321
-429 530 281
-404 473 314
-397 434 321
-379 499 283
-377 418 334
-367 524 150
-356 428 286
-354 458 264
-339 386 296
-317 383 274
-299 364 223
-291 401 198
-279 351 203
-261 406 175
-258 380 168
-234 396 144
-170 320 100
-162 305 72
-155 266 79
-132 297 42
-112 285 22
-103 199 33
-93 281 17
-90 196 0
-83 157 7
-53 125 13
#
