#
-2538 7060 98
-2495 6430 121
-2484 6685 98
-2479 6959 88
-2462 6420 154
-2431 6409 117
-2405 6377 122
-2398 6599 35
-2391 6058 101
-2388 5779 121
-2379 6000 101
-2323 5705 56
-2303 5693 56
-2288 5637 66
-2247 5611 43
-2206 5215 141
-2201 5090 91
-2167 5070 125
-2147 5461 84
-2140 5011 91
-2120 4893 122
-2086 4880 186
-2033 4802 198
-2007 4553 216
-1982 4702 149
-1969 4293 197
-1940 4591 167
-1895 4219 197
-1866 4518 177
-1846 4442 177
-1807 4010 398
-1780 3999 178
-1775 3722 428
-1710 3801 296
-1708 3535 428
-1680 3505 456
-1618 3371 454
-1616 3442 438
-1571 3207 379
-1568 3669 296
-1543 3205 243
-1523 3162 435
-1509 2873 407
-1446 2832 430
-1429 3113 243
-1358 3035 182
-1324 2870 375
-1306 2871 343
-1246 2448 447
-1225 2974 269
-1200 2361 403
-1165 2734 352
-1123 2267 352
-1090 2256 319
-1067 2253 413
-1042 2214 314
-1037 1973 363
-1017 1973 383
-1006 2667 207
-988 2289 257
-986 2545 217
-947 1760 353
-881 1865 314
-842 1789 342
-833 1632 319
-783 1434 413
-757 1679 277
-737 2099 217
-709 2030 229
-707 1519 267
-679 1417 326
-654 1492 234
-634 1486 254
-595 1342 483
-570 1460 270
-554 1189 314
-544 974 314
-540 953 220
-466 924 365
-450 1240 200
-430 765 280
-421 725 334
-362 869 200
-340 820 210
-329 580 238
-300 708 190
-287 691 143
-270 853 140
-242 862 78
-212 809 50
-200 680 50
-182 551 68
-150 475 0
-140 465 10
-125 446 13
-119 345 28
-99 350 20
-89 326 20
#
