#
-2510 9931 112
-2458 9266 122
-2430 9244 122
-2421 9828 114
-2392 9609 108
-2369 9163 118
-2366 8935 118
-2361 9513 108
-2335 8923 118
-2312 8696 90
-2253 7948 275
-2236 8462 68
-2230 8280 94
-2216 8383 86
-2207 7595 101
-2177 7460 104
-2177 7922 100
-2154 7448 127
-2137 7961 49
-2108 7201 66
-2092 7819 58
-2080 7009 76
-2073 6917 131
-2072 7410 58
-2053 6401 193
-2031 6160 177
-2020 6045 193
-2003 6633 167
-1962 5761 221
-1943 5908 173
-1886 5460 173
-1882 5679 133
-1852 5666 163
-1844 5466 165
-1836 5198 163
-1809 5359 147
-1782 4943 156
-1760 4942 142
-1699 4705 155
-1637 4524 195
-1600 4423 406
-1554 4157 288
-1495 4093 344
-1481 3910 330
-1472 3805 321
-1459 3822 308
-1441 3943 248
-1426 3764 288
-1411 3487 272
-1389 3406 318
-1371 3475 258
-1301 3203 218
-1258 3122 310
-1233 2781 290
-1194 2744 338
-1123 2723 288
-1104 2497 273
-1093 2473 332
-1058 2399 237
-998 2255 267
-981 2212 250
-926 1836 293
-913 2079 270
-856 1596 280
-813 1520 290
-775 1939 237
-731 1868 177
-711 1664 213
-693 1360 280
-666 1212 283
-636 1052 253
-598 1387 203
-538 1050 263
-518 915 243
-493 785 203
-456 896 173
-393 596 203
-373 586 183
-333 730 153
-313 460 213
-285 436 185
-243 645 63
-230 511 40
-225 425 135
-213 664 30
-180 381 0
-170 365 10
-150 281 30
-140 235 50
-100 149 20
#
