#
-1097 1198 19
-1079 1155 1
-1059 1137 21
-1052 1096 26
-1032 1078 46
-1028 1068 2
-1014 1040 18
-999 991 79
-996 996 36
-987 1061 15
-977 984 55
-973 951 105
-971 976 61
-953 933 85
-932 923 146
-920 924 40
-910 913 122
-906 897 174
-879 807 117
-874 866 6
-861 764 99
-846 751 114
-836 744 74
-834 840 46
-817 721 143
-816 734 94
-815 707 53
-794 696 32
-779 694 181
-771 663 97
-750 653 76
-742 647 168
-731 637 57
-722 636 188
-713 611 75
-693 611 95
-688 606 222
-675 590 113
-667 569 201
-654 554 108
-648 574 86
-632 544 130
-617 543 145
-614 528 148
-610 510 64
-590 500 84
-572 484 66
-570 475 68
-558 473 52
-523 446 51
-520 431 54
-500 435 28
-490 421 24
-476 433 10
-471 407 57
-466 391 0
-440 377 26
-413 371 375
-403 369 329
-398 372 324
-393 357 281
-387 358 269
-378 346 296
-376 337 258
-359 325 315
-358 322 240
-356 313 282
-346 295 228
-335 321 223
-328 292 246
-310 278 192
-301 275 227
-292 252 210
-292 255 174
-282 287 164
-273 231 229
-270 245 196
-267 335 127
-252 218 214
-251 245 177
-233 218 115
-229 202 185
-199 191 155
-179 180 135
-159 187 41
-137 177 63
-111 164 37
-98 149 14
-84 213 8
-78 90 4
-75 115 1
-59 70 15
-41 59 3
#
