#
-2087 10063 131
-2051 9990 131
-2019 9870 184
-2016 9615 142
-2001 9134 131
-1978 9114 108
-1962 8965 124
-1932 8712 168
-1908 8482 299
-1902 9453 91
-1890 8619 179
-1854 8562 66
-1812 8501 92
-1805 8157 115
-1803 8493 83
-1770 8127 115
-1758 7920 253
-1745 7903 253
-1722 7502 196
-1719 7489 359
-1694 7488 168
-1657 7227 233
-1655 6429 249
-1606 6107 277
-1592 6187 200
-1578 6093 249
-1572 6939 58
-1571 5875 336
-1526 5140 309
-1514 6543 74
-1488 5841 158
-1474 6533 70
-1461 5323 293
-1456 5545 158
-1441 6793 44
-1431 5072 336
-1413 4609 222
-1403 4588 232
-1365 4461 321
-1350 5248 127
-1338 4424 321
-1306 4245 341
-1297 5020 221
-1286 4112 359
-1268 3856 190
-1236 3526 321
-1228 3834 230
-1206 3514 351
-1181 3450 331
-1159 3366 376
-1148 3218 349
-1121 2944 240
-1099 2941 240
-1051 2783 387
-1041 2677 409
-1010 2652 348
-978 2550 386
-976 2645 376
-975 2530 276
-945 2477 387
-928 2231 268
-926 2897 153
-891 2115 290
-871 2104 270
-846 2837 201
-826 2547 211
-792 1892 264
-739 1867 193
-696 1703 260
-659 1767 203
-644 1600 260
-642 1423 280
-608 1641 204
-555 1380 203
-552 1252 280
-526 1122 144
-510 1019 128
-480 991 98
-457 943 119
-420 869 138
-382 783 90
-349 585 111
-330 748 110
-282 1251 62
-268 919 88
-240 604 100
-232 864 30
-212 645 30
-202 541 40
-192 1043 10
-182 718 2
-180 640 0
-169 434 51
-111 251 23
-89 170 21
#
