#
-5083 10850 81
-4923 10710 228
-4859 10646 188
-4789 10602 150
-4731 10572 208
-4671 10436 336
-4600 10406 397
-4556 10042 556
-4481 10222 386
-4461 10211 366
-4360 10185 359
-4275 9912 594
-4215 9654 556
-4119 9098 829
-4118 9582 518
-3980 9390 754
-3958 8820 829
-3887 9388 587
-3850 8874 765
-3758 9481 556
-3748 8697 807
-3725 9383 551
-3616 8937 576
-3600 9325 506
-3550 9283 501
-3385 7350 834
-3322 8373 658
-3289 8805 628
-3208 9006 524
-3198 8554 524
-3099 7454 789
-3046 8246 600
-3011 7861 774
-2936 8159 726
-2893 7999 758
-2798 7421 744
-2753 6331 851
-2717 8122 406
-2635 7297 734
-2633 7198 744
-2517 6458 809
-2429 7103 651
-2399 7080 681
-2352 8103 373
-2308 6883 721
-2171 6872 676
-2119 7831 285
-2100 5196 781
-2074 5742 651
-2024 6669 524
-1989 6360 631
-1887 6500 583
-1873 6689 493
-1806 5857 574
-1779 5574 613
-1691 6054 539
-1674 4645 714
-1664 4382 724
-1596 6988 352
-1580 5592 413
-1554 4586 674
-1519 4875 609
-1409 5137 443
-1397 4880 424
-1317 3543 819
-1304 5389 336
-1298 4138 609
-1287 3420 819
-1236 5031 292
-1203 4316 463
-1184 3966 621
-1123 3996 457
-1058 2254 789
-979 2003 799
-932 4003 333
-904 3833 245
-883 3703 245
-871 2433 671
-851 1880 671
-760 3213 270
-746 2180 513
-709 2996 441
-677 2752 221
-588 1609 478
-572 2112 261
-506 1686 159
-480 1531 261
-415 1308 235
-397 1104 287
-347 949 89
-327 891 109
-327 1045 83
-261 814 145
-258 665 78
-210 935 30
-196 446 36
-180 282 0
-110 130 20
#
