#
-1283 1263 63
-1273 1253 53
-1248 1240 28
-1228 1229 48
-1221 1180 125
-1199 1194 77
-1186 1157 90
-1171 1150 175
-1154 1117 66
-1134 1100 46
-1111 1065 43
-1110 1045 236
-1095 1046 27
-1074 954 232
-1054 951 292
-1048 1031 74
-1034 927 272
-1034 1004 88
-1010 1075 14
-1004 992 58
-984 907 362
-964 965 8
-959 867 117
-939 857 97
-924 808 82
-914 790 72
-904 790 142
-885 772 203
-874 768 32
-855 761 233
-854 753 92
-834 742 72
-814 729 52
-814 848 12
-800 732 38
-790 699 298
-784 715 22
-780 688 288
-751 674 299
-744 713 252
-733 674 241
-712 661 260
-699 636 207
-666 619 240
-644 621 192
-636 597 144
-624 585 464
-605 580 445
-604 574 444
-594 556 474
-587 544 427
-574 537 454
-573 544 413
-556 505 512
-545 503 501
-536 505 492
-536 521 376
-533 459 309
-503 449 279
-501 414 341
-481 399 321
-466 436 316
-461 384 301
-443 373 399
-440 366 322
-423 357 379
-421 389 261
-413 362 369
-409 455 213
-403 343 359
-401 441 221
-391 353 231
-371 421 225
-363 313 319
-333 302 289
-325 316 101
-316 294 136
-293 298 133
-286 268 126
-272 246 154
-265 243 227
-263 255 103
-233 265 73
-228 227 184
-218 219 174
-213 246 113
-205 213 161
-175 195 131
-160 167 0
-150 160 10
-140 143 20
-102 127 58
-82 101 38
-80 88 36
-75 116 11
-62 77 18
-41 59 3
#
