#
-1206 2259 74
-1187 2183 61
-1170 2144 61
-1160 2103 74
-1141 2027 55
-1124 1988 38
-1108 2081 36
-1096 1962 21
-1088 2071 16
-1087 1941 15
-1076 1928 4
-1068 1718 180
-1054 1917 26
-1045 1692 203
-1041 1822 152
-1041 1889 130
-1022 1562 174
-1019 1811 152
-1017 1744 84
-1005 1523 157
-995 1666 106
-984 1720 73
-962 1642 95
-961 1709 50
-957 1463 123
-924 1421 200
-914 1423 166
-914 1442 140
-902 1343 200
-898 1279 134
-878 1265 154
-876 1201 134
-865 1188 123
-844 1241 120
-833 1161 149
-821 1153 143
-803 1081 179
-798 1142 120
-780 1071 156
-772 1054 168
-762 1043 178
-760 1027 54
-749 1021 211
-740 1013 70
-738 949 32
-721 907 49
-714 928 8
-694 914 24
-691 902 27
-678 867 21
-665 830 45
-648 788 45
-645 819 41
-628 774 25
-605 740 88
-585 730 108
-562 700 67
-542 690 87
-508 677 118
-498 631 148
-488 619 163
-478 664 63
-465 637 75
-455 590 105
-438 539 146
-436 510 190
-425 577 135
-417 496 189
-411 453 215
-391 439 195
-388 434 172
-331 430 99
-312 382 137
-301 419 129
-292 321 79
-270 306 101
-249 299 82
-239 465 72
-232 368 19
-214 241 127
-213 317 0
-183 207 140
-170 295 23
-144 285 41
-121 245 32
-120 201 33
-101 189 29
-69 147 6
-53 125 13
#
