#
-1947 4422 44
-1931 4369 60
-1924 4347 66
-1922 4132 24
-1890 4057 46
-1845 3852 82
-1843 3986 38
-1815 3841 112
-1814 3957 67
-1813 3940 66
-1806 3795 121
-1771 3970 30
-1751 3762 56
-1747 3704 180
-1735 3641 119
-1706 3184 220
-1681 3520 139
-1664 3350 217
-1659 3096 221
-1617 2927 217
-1610 3406 88
-1602 2958 202
-1588 3103 180
-1572 3304 75
-1561 3291 64
-1544 2853 189
-1520 2693 201
-1476 2671 157
-1470 2297 241
-1470 2608 186
-1450 2594 206
-1429 2269 220
-1425 2190 225
-1412 2027 246
-1412 2469 144
-1392 2459 124
-1376 2424 207
-1356 2401 207
-1349 1995 183
-1313 1997 144
-1293 1983 164
-1291 1758 164
-1261 1748 134
-1244 2152 107
-1240 1709 144
-1224 2129 87
-1215 1849 107
-1193 1610 125
-1193 1614 105
-1163 1823 95
-1123 1579 175
-1113 1806 99
-1102 1541 34
-1079 1455 345
-1079 1460 315
-1062 1310 248
-1023 1253 209
-1022 1185 288
-993 1142 279
-962 1094 388
-934 1044 160
-923 1037 349
-884 991 210
-864 946 290
-844 953 250
-798 905 246
-780 934 170
-740 882 190
-726 882 384
-696 872 384
-674 782 266
-614 684 204
-599 722 130
-594 634 234
-569 619 259
-549 572 255
-549 608 239
-500 558 170
-438 490 240
-438 508 230
-405 492 195
-385 477 195
-374 429 206
-334 396 214
-319 335 265
-284 320 176
-204 266 96
-194 249 100
-164 243 56
-159 196 85
-120 198 0
-114 171 6
-64 130 19
#
