#
-2053 4540 51
-2033 4529 45
-2032 4384 45
-2022 4371 35
-2020 4323 45
-1988 4204 30
-1963 4050 55
-1951 4177 47
-1943 4036 75
-1913 3968 42
-1897 3942 58
-1865 3870 82
-1836 3726 239
-1835 3580 213
-1803 3462 198
-1794 3715 156
-1778 3307 198
-1757 3366 195
-1714 3228 242
-1674 3203 245
-1656 3071 202
-1652 3105 198
-1623 2777 257
-1604 3059 168
-1584 3045 188
-1569 2987 109
-1559 2891 151
-1547 2589 225
-1537 2579 225
-1523 2800 123
-1486 2771 131
-1459 2349 232
-1442 2438 139
-1422 2280 165
-1392 2239 235
-1390 1951 208
-1378 2240 153
-1354 2158 137
-1336 2152 179
-1310 1913 218
-1310 2025 157
-1302 1791 232
-1296 1848 228
-1296 2019 143
-1256 1693 302
-1236 1682 282
-1221 1609 63
-1201 1603 69
-1181 1578 103
-1171 1521 89
-1153 1465 83
-1144 1489 46
-1113 1432 103
-1067 1336 193
-1037 1325 193
-1031 1227 147
-1021 1232 137
-997 1142 191
-967 1077 131
-937 992 161
-924 964 200
-873 921 117
-843 909 117
-819 863 275
-810 895 150
-764 763 264
-744 749 216
-729 707 279
-684 723 246
-657 669 236
-589 623 255
-574 602 250
-524 592 236
-457 554 206
-444 436 186
-382 481 175
-377 503 160
-350 366 230
-309 329 255
-304 362 210
-270 333 150
-259 273 175
-234 267 185
-214 235 140
-207 541 49
-177 336 69
-162 270 78
-120 192 0
-104 158 10
-89 136 15
-64 130 19
#
