#
-2972 7785 153
-2942 7772 182
-2851 7702 72
-2828 7616 69
-2751 7516 79
-2701 7419 182
-2650 7333 142
-2598 7286 166
-2576 7162 174
-2531 7219 129
-2432 7098 370
-2399 6267 641
-2371 6581 393
-2367 6959 249
-2327 6923 317
-2296 6774 249
-2270 6741 241
-2218 6045 620
-2195 6653 299
-2164 6146 557
-2150 6292 458
-2093 5950 535
-2069 6389 433
-2046 6470 216
-2006 5773 530
-2003 5724 562
-1980 6058 386
-1911 5660 488
-1875 5531 442
-1858 5884 428
-1824 4901 553
-1816 5252 497
-1763 4965 455
-1695 5375 434
-1673 4652 621
-1670 5046 408
-1597 4407 545
-1594 4679 524
-1559 4785 500
-1548 5585 305
-1513 5417 305
-1503 4467 481
-1479 4591 420
-1420 4237 536
-1411 4926 305
-1343 4069 602
-1334 4134 593
-1311 3993 514
-1279 4117 476
-1264 4291 414
-1238 3845 435
-1207 3600 572
-1149 3476 486
-1086 3093 591
-1059 3115 583
-1012 2987 462
-931 2728 553
-854 2888 531
-812 2790 415
-794 3036 346
-745 3737 193
-719 2361 341
-704 1987 602
-696 2054 469
-690 2271 370
-674 1923 572
-636 2205 401
-629 2523 228
-609 3230 203
-599 2503 228
-564 1786 351
-486 1738 336
-472 2701 133
-463 1500 359
-443 1628 351
-443 1710 334
-397 1550 267
-367 1450 144
-326 1436 99
-290 1305 125
-268 980 103
-260 912 93
-251 849 106
-219 719 106
-186 528 122
-175 797 40
-152 612 48
-150 643 0
-141 474 23
-109 380 18
-90 352 29
-80 290 29
#
