#
-2428 4367 78
-2407 4354 78
-2380 4286 56
-2337 4209 42
-2319 4041 80
-2290 3890 116
-2280 3866 126
-2278 3702 100
-2278 4093 47
-2262 3936 73
-2240 3872 68
-2229 3645 102
-2210 3376 136
-2183 3321 122
-2153 3311 122
-2127 3264 142
-2114 3496 27
-2080 3216 189
-2072 3204 63
-2043 3083 142
-2026 3070 142
-1991 2978 132
-1967 2954 83
-1936 2800 302
-1925 2900 163
-1894 2507 302
-1893 2706 243
-1847 2669 273
-1826 2418 302
-1782 2358 263
-1761 2311 236
-1703 2242 276
-1702 2135 200
-1649 2102 200
-1598 2036 183
-1539 2031 343
-1511 2000 216
-1445 1843 203
-1411 1927 202
-1374 1831 168
-1354 1821 181
-1315 1779 418
-1313 1777 160
-1289 1637 370
-1252 1739 180
-1249 1602 350
-1229 1579 463
-1204 1534 316
-1186 1476 473
-1153 1520 413
-1152 1648 286
-1117 1426 439
-1089 1371 411
-1065 1470 375
-1042 1339 383
-1029 1357 350
-1009 1319 363
-996 1314 389
-966 1304 389
-939 1192 453
-897 1281 218
-887 1249 450
-878 1187 431
-850 1262 211
-813 1012 440
-811 1014 412
-797 1134 341
-767 1124 311
-740 964 377
-700 854 327
-666 962 300
-654 830 361
-644 926 301
-603 949 246
-593 802 473
-583 721 252
-563 663 463
-543 702 266
-486 693 246
-447 629 327
-389 644 223
-373 417 253
-363 514 123
-293 358 173
-286 499 140
-257 416 129
-223 310 103
-146 323 26
-140 277 95
-124 250 30
-120 188 0
-90 154 20
-64 130 19
#
