#
-1787 4623 97
-1780 4370 97
-1744 4236 113
-1732 4261 97
-1714 4226 93
-1711 4185 77
-1690 4193 56
-1678 4118 74
-1665 4251 54
-1642 3910 242
-1639 3823 222
-1626 4061 80
-1625 3658 252
-1622 3973 70
-1616 3946 46
-1596 3936 26
-1586 3483 202
-1585 3717 195
-1558 3292 182
-1549 3747 157
-1542 3278 182
-1525 3183 169
-1515 3863 46
-1489 3168 189
-1482 3645 132
-1473 3131 171
-1447 3117 181
-1443 3596 107
-1433 2591 202
-1421 2941 171
-1390 2590 219
-1380 2470 199
-1366 3000 136
-1318 2419 191
-1316 2250 171
-1304 2777 89
-1294 2712 91
-1264 2701 121
-1244 2183 99
-1238 2045 191
-1204 2161 119
-1198 2029 171
-1184 2149 119
-1183 1886 281
-1180 1911 278
-1172 1874 292
-1149 1776 269
-1129 1763 269
-1090 1711 288
-1069 1687 299
-1066 1545 164
-1046 1533 164
-1009 1444 129
-989 1434 129
-967 1398 175
-927 1297 147
-887 1241 177
-856 1105 145
-847 1190 140
-811 999 190
-796 1079 155
-780 973 170
-751 917 250
-720 899 170
-714 876 256
-640 821 230
-630 830 200
-610 803 240
-590 743 260
-560 763 240
-531 599 230
-524 807 150
-505 790 186
-454 489 226
-445 705 210
-434 479 206
-425 527 185
-404 555 100
-364 351 256
-344 446 116
-329 341 275
-324 506 64
-300 397 210
-294 443 104
-254 401 60
-234 292 66
-174 260 66
-149 218 75
-144 240 24
-139 618 14
-120 217 0
-114 175 6
-79 132 25
-64 130 19
#
