#
-998 1212 56
-972 1165 82
-962 1186 20
-958 1154 68
-939 1174 3
-929 1141 39
-917 1090 137
-894 1070 98
-880 1058 74
-868 1010 186
-867 1037 87
-850 926 176
-848 1000 166
-840 1025 60
-835 894 219
-826 857 228
-812 882 196
-806 847 208
-803 845 205
-798 957 144
-792 871 176
-767 819 169
-763 921 81
-757 791 251
-751 776 231
-747 770 221
-740 740 214
-730 804 114
-710 725 244
-701 756 143
-698 720 256
-690 713 264
-681 830 65
-670 702 284
-655 803 111
-645 680 199
-643 695 157
-639 661 35
-635 639 19
-626 602 28
-607 592 9
-606 592 48
-590 538 64
-581 570 23
-571 561 27
-570 527 84
-551 549 7
-550 517 104
-536 509 118
-515 487 11
-493 476 51
-476 464 50
-475 465 29
-456 454 70
-434 444 8
-426 437 0
-416 430 30
-395 422 51
-386 411 278
-373 410 231
-369 416 17
-359 403 185
-345 367 271
-340 376 202
-331 325 267
-331 339 193
-318 298 280
-318 362 76
-306 353 164
-298 294 216
-296 288 258
-282 240 238
-279 274 235
-268 284 186
-264 325 130
-252 218 214
-245 249 107
-243 258 101
-233 258 91
-226 209 182
-223 198 179
-209 204 135
-199 204 125
-193 188 149
-145 187 63
-126 166 82
-118 166 36
-108 136 26
-99 158 25
-95 150 21
-90 126 52
-89 116 45
-78 83 40
-78 90 4
-41 59 3
#
