#
-1276 1865 24
-1259 1855 7
-1256 1840 44
-1240 1766 60
-1230 1756 50
-1217 1811 35
-1198 1706 54
-1181 1711 1
-1178 1680 34
-1162 1606 18
-1149 1561 151
-1130 1542 170
-1127 1587 53
-1109 1551 71
-1094 1509 148
-1080 1469 64
-1071 1401 73
-1060 1459 44
-1026 1266 118
-1008 1332 62
-989 1222 81
-976 1237 68
-961 1196 109
-953 1196 45
-941 1182 129
-932 1285 14
-925 1171 113
-905 1152 93
-874 1117 230
-857 1092 213
-847 1066 223
-821 1066 177
-817 1062 257
-811 1041 187
-795 1023 275
-781 1013 289
-761 1002 309
-755 1024 195
-731 992 279
-725 975 313
-708 939 396
-693 930 381
-691 930 379
-664 877 406
-655 879 343
-639 845 359
-630 865 350
-629 835 369
-629 916 331
-620 826 340
-619 815 379
-590 798 370
-565 717 317
-554 643 354
-546 666 266
-526 617 326
-513 606 313
-506 599 306
-494 621 294
-484 782 140
-476 571 336
-464 771 160
-442 550 202
-424 716 200
-422 514 222
-404 545 156
-391 500 359
-385 476 185
-380 459 180
-362 439 262
-361 717 57
-358 691 54
-342 445 242
-335 447 235
-325 504 105
-318 393 286
-310 399 210
-285 366 235
-281 582 23
-276 379 136
-239 337 19
-229 298 29
-216 325 4
-209 283 9
-186 256 126
-172 216 140
-156 241 124
-125 202 75
-124 257 16
-110 232 50
-100 206 0
-99 159 67
-90 196 10
-80 185 20
-69 124 37
-55 131 5
-39 76 7
-29 66 3
#
