#
-1357 1826 23
-1337 1791 43
-1325 1771 55
-1309 1755 71
-1284 1718 50
-1268 1558 112
-1252 1663 18
-1246 1643 24
-1231 1532 149
-1208 1509 126
-1205 1484 17
-1195 1451 39
-1189 1431 33
-1156 1397 0
-1123 1372 99
-1090 1338 66
-1070 1317 86
-1065 1270 91
-1044 1254 70
-1040 1306 56
-1028 1190 128
-1014 1242 100
-1007 1174 107
-992 1156 164
-971 1141 143
-950 1157 14
-916 1095 68
-901 1092 1
-876 1061 24
-850 1045 2
-840 1027 12
-811 1011 135
-800 981 388
-781 964 407
-765 911 391
-750 970 364
-744 895 370
-738 947 344
-718 917 228
-708 859 296
-699 852 325
-689 842 335
-679 895 285
-673 884 279
-645 781 511
-629 782 355
-625 823 213
-619 855 209
-613 781 239
-594 768 562
-587 746 527
-566 736 232
-559 701 425
-549 702 415
-544 793 152
-542 688 442
-542 688 462
-532 678 452
-530 715 256
-528 635 496
-518 624 486
-508 614 476
-486 676 352
-475 645 395
-451 581 419
-442 564 410
-430 527 398
-415 537 383
-385 574 251
-369 536 337
-358 550 278
-341 482 309
-334 487 302
-332 500 198
-295 481 235
-280 537 146
-261 402 229
-245 455 165
-225 424 185
-213 345 181
-203 282 171
-197 390 157
-187 319 127
-183 263 151
-157 290 117
-133 239 101
-130 312 50
-113 183 81
-93 215 61
-70 197 10
-66 138 34
-36 122 4
-30 71 2
#
