#
-1305 1737 47
-1275 1691 37
-1251 1624 73
-1245 1607 67
-1235 1571 77
-1221 1683 37
-1201 1651 25
-1174 1484 96
-1168 1461 90
-1135 1427 135
-1131 1296 53
-1108 1323 12
-1088 1313 32
-1088 1340 10
-1074 1226 74
-1053 1190 25
-1028 1153 28
-1011 1115 67
-998 1130 38
-981 1081 97
-972 1058 28
-948 1105 12
-938 1052 22
-920 1031 80
-910 1016 90
-907 996 93
-887 983 73
-869 940 303
-857 962 291
-850 913 322
-838 934 310
-818 893 252
-801 883 269
-797 848 231
-788 862 222
-788 967 212
-787 895 173
-769 845 241
-757 833 191
-755 793 189
-727 820 161
-725 759 159
-706 731 178
-693 744 127
-686 711 198
-671 694 143
-651 679 163
-633 701 101
-631 684 103
-610 671 82
-599 668 345
-583 640 17
-571 624 5
-564 612 36
-551 591 63
-544 597 56
-501 549 443
-494 535 450
-488 524 456
-488 570 428
-478 510 466
-464 500 420
-450 540 370
-440 502 380
-434 498 406
-426 475 394
-410 472 382
-394 484 366
-394 489 348
-388 466 336
-380 521 334
-368 443 356
-366 526 326
-363 449 203
-337 413 277
-324 406 164
-323 365 291
-313 382 253
-304 355 272
-304 400 204
-299 333 267
-289 319 277
-280 305 248
-264 344 224
-250 283 218
-207 333 147
-189 306 105
-170 252 124
-160 242 114
-143 210 131
-125 314 25
-109 205 51
-102 190 58
-96 180 64
-72 128 40
-65 115 19
-60 140 0
-48 83 4
-22 50 10
#
