#
-1353 1617 1
-1323 1597 9
-1309 1593 5
-1303 1574 11
-1273 1551 41
-1224 1478 80
-1192 1447 100
-1162 1423 70
-1152 1518 40
-1142 1410 50
-1130 1353 174
-1128 1401 64
-1124 1338 168
-1107 1378 125
-1094 1314 138
-1074 1302 118
-1067 1171 225
-1053 1158 251
-1034 1289 158
-1031 1124 321
-1027 1129 265
-1010 1245 82
-1009 1067 295
-992 1049 240
-988 1022 304
-981 1162 211
-972 1018 260
-972 1040 220
-965 1010 327
-954 1194 110
-942 1176 162
-938 986 254
-928 976 264
-905 964 287
-904 1090 52
-874 1045 82
-865 938 63
-845 886 87
-840 871 88
-831 1023 19
-820 841 108
-806 821 122
-802 827 50
-764 778 80
-753 755 39
-722 746 58
-712 740 0
-689 704 23
-683 655 37
-670 694 4
-655 605 9
-645 573 19
-635 593 11
-613 568 99
-581 537 131
-570 518 114
-560 508 104
-535 533 21
-519 483 105
-502 472 88
-472 461 152
-450 432 228
-443 429 223
-433 434 193
-423 401 201
-419 399 199
-405 389 307
-392 380 282
-382 374 330
-372 360 306
-363 340 311
-350 324 324
-348 321 270
-323 442 133
-322 292 296
-313 339 233
-283 270 271
-271 331 185
-271 343 179
-254 269 202
-227 301 187
-210 272 112
-190 258 132
-170 232 92
-159 212 61
-136 173 84
-113 167 67
-105 190 25
-89 160 9
-79 133 1
-66 121 14
-62 103 16
-55 98 43
-45 72 33
-29 77 3
-19 43 7
#
