#
-1250 1881 40
-1230 1835 20
-1210 1811 40
-1207 1794 43
-1194 1735 96
-1174 1690 76
-1164 1676 86
-1154 1764 36
-1147 1655 103
-1139 1606 25
-1132 1542 38
-1129 1529 35
-1112 1487 58
-1109 1469 55
-1096 1420 2
-1076 1365 22
-1054 1335 44
-1033 1312 11
-1027 1300 17
-1014 1284 30
-983 1259 95
-966 1237 78
-923 1211 121
-916 1191 128
-907 1201 105
-886 1171 158
-882 1126 212
-865 1167 179
-850 1102 180
-840 1041 170
-825 1036 269
-807 1014 137
-787 992 197
-769 936 241
-761 924 223
-747 924 191
-739 945 149
-735 881 319
-720 897 164
-713 851 297
-700 835 284
-680 824 264
-669 895 113
-652 788 236
-636 869 46
-609 762 193
-586 714 468
-577 702 477
-572 722 156
-564 684 446
-551 668 433
-541 626 513
-535 616 475
-531 657 413
-521 589 489
-503 620 385
-486 709 316
-479 689 309
-460 526 428
-454 538 394
-453 575 335
-440 510 408
-428 665 258
-424 507 364
-410 479 378
-394 487 334
-380 460 348
-375 580 295
-344 523 326
-322 554 302
-314 544 276
-304 491 286
-288 530 194
-274 438 246
-255 428 227
-248 390 168
-220 375 196
-217 332 199
-208 364 180
-193 316 175
-161 389 49
-145 357 65
-121 293 89
-101 274 69
-93 212 13
-80 224 0
-70 155 10
-56 128 24
-45 118 13
-25 70 7
#
