#
-1346 1727 18
-1315 1684 49
-1301 1655 27
-1276 1590 28
-1263 1578 41
-1247 1540 57
-1228 1512 6
-1207 1509 57
-1202 1463 12
-1182 1425 74
-1151 1396 83
-1137 1364 119
-1116 1338 98
-1099 1327 81
-1076 1309 104
-1066 1301 148
-1063 1353 45
-1056 1286 52
-1029 1240 31
-1010 1269 8
-989 1204 11
-965 1155 33
-949 1138 31
-939 1134 41
-916 1070 102
-896 1055 82
-887 1043 91
-854 1040 168
-829 988 143
-826 1017 140
-809 995 123
-794 1098 42
-794 1181 24
-774 963 22
-753 961 61
-727 958 601
-726 917 588
-709 952 23
-697 898 577
-686 936 294
-667 814 523
-651 761 597
-645 935 413
-638 735 552
-638 772 512
-631 731 559
-626 765 482
-611 700 497
-606 852 374
-604 868 212
-599 863 197
-597 706 471
-591 687 477
-581 648 527
-581 691 437
-561 632 507
-561 674 417
-536 586 482
-528 661 384
-516 640 456
-512 618 386
-493 555 439
-476 544 422
-469 643 355
-459 683 227
-446 523 392
-424 597 372
-418 580 274
-403 490 349
-392 511 338
-389 501 303
-373 476 319
-372 598 226
-362 562 236
-352 593 206
-345 663 113
-309 535 249
-306 463 252
-302 438 216
-289 434 163
-278 435 152
-258 378 172
-253 402 139
-251 373 179
-251 425 125
-242 353 188
-232 366 160
-205 405 67
-185 343 47
-152 282 80
-146 283 12
-126 194 12
-98 228 0
-85 141 53
-76 117 22
-67 158 7
-57 88 3
-43 60 11
#
