#
-1318 1795 14
-1298 1755 6
-1269 1649 35
-1261 1618 31
-1233 1581 59
-1232 1512 2
-1206 1692 0
-1203 1469 31
-1172 1435 62
-1163 1416 9
-1132 1382 22
-1098 1338 96
-1087 1321 85
-1062 1319 148
-1057 1352 43
-1051 1255 159
-1043 1241 151
-1032 1224 140
-1026 1270 24
-995 1199 105
-985 1182 209
-971 1173 79
-944 1154 168
-925 1146 285
-920 1131 310
-913 1114 137
-906 1091 36
-882 1071 8
-871 1031 21
-854 1006 38
-833 973 57
-810 963 34
-790 951 54
-765 922 125
-755 907 115
-742 912 102
-727 886 117
-699 865 531
-681 840 513
-671 828 503
-654 828 540
-643 811 529
-642 769 588
-641 850 361
-639 788 471
-626 775 546
-619 775 451
-613 726 559
-609 772 441
-599 740 511
-593 714 539
-582 760 468
-569 724 481
-566 718 484
-556 741 336
-552 676 498
-522 648 294
-512 595 378
-508 683 228
-489 582 401
-489 614 261
-472 535 418
-466 572 378
-462 519 408
-460 644 180
-452 557 364
-416 517 334
-404 499 372
-402 475 348
-395 580 215
-393 627 173
-372 696 72
-360 544 246
-358 489 304
-339 526 267
-320 500 246
-306 437 274
-273 442 191
-259 400 205
-258 505 178
-234 431 66
-224 351 56
-224 383 4
-194 339 26
-184 303 96
-167 256 113
-146 282 74
-130 245 16
-120 227 48
-117 218 63
-114 181 2
-100 156 68
-81 137 53
-57 128 23
-43 60 11
#
