#
-1210 1835 36
-1194 1797 20
-1171 1772 3
-1150 1762 24
-1118 1702 16
-1113 1548 133
-1097 1507 117
-1078 1470 136
-1071 1692 57
-1065 1671 103
-1058 1466 78
-1048 1640 66
-1034 1435 92
-1028 1460 48
-1014 1608 0
-1002 1396 60
-995 1330 219
-978 1350 36
-972 1305 196
-972 1551 10
-964 1324 122
-951 1295 175
-944 1281 224
-939 1267 163
-915 1236 99
-908 1234 106
-891 1232 171
-879 1200 63
-869 1199 93
-855 1182 119
-844 1169 170
-835 1167 145
-816 1130 126
-791 1124 151
-782 1114 142
-776 1072 66
-766 1031 76
-739 1015 103
-719 998 83
-705 965 15
-686 959 50
-666 949 30
-665 941 25
-645 928 5
-624 914 544
-618 909 518
-596 893 496
-591 876 511
-585 861 395
-576 841 404
-566 825 376
-557 805 385
-550 823 360
-534 829 338
-530 783 412
-520 728 460
-519 769 323
-506 697 474
-501 692 441
-496 709 306
-487 660 455
-483 684 293
-474 664 302
-452 621 420
-446 640 274
-432 644 242
-431 576 371
-417 544 385
-406 615 234
-392 621 202
-390 527 330
-384 505 352
-375 597 275
-374 502 346
-368 594 268
-353 479 321
-350 502 290
-327 488 267
-296 463 236
-293 442 261
-282 530 110
-266 529 148
-246 450 186
-232 418 200
-225 396 197
-212 385 180
-148 347 48
-145 304 45
-136 285 36
-100 216 72
-80 171 20
-70 160 10
-35 127 3
-30 71 2
#
