#
-4420 18578 151
-4321 18450 181
-4239 18119 171
-4199 17048 303
-4161 15790 206
-4143 18054 194
-4137 17622 65
-4047 14484 281
-4047 15588 236
-4032 15080 140
-4023 17530 54
-4013 17485 64
-4012 15066 140
-3982 16521 87
-3958 14371 260
-3928 14976 115
-3875 14207 80
-3836 12810 154
-3730 13710 120
-3681 12691 105
-3671 12680 95
-3635 12234 152
-3615 12221 152
-3540 11720 762
-3514 11181 460
-3466 11190 420
-3445 11098 440
-3440 11511 376
-3390 10873 697
-3358 11124 394
-3313 9841 687
-3176 10046 406
-3161 9491 667
-3029 9681 368
-3019 9657 353
-2865 9302 668
-2859 8678 646
-2849 8657 636
-2822 8280 595
-2792 8257 580
-2668 8056 712
-2648 8044 712
-2582 7669 667
-2530 9067 565
-2508 7523 717
-2417 7026 662
-2397 7805 597
-2324 6815 676
-2323 6598 736
-2218 6422 599
-2139 6309 651
-2070 7421 566
-2005 6192 687
-2002 6137 712
-1986 7348 521
-1948 7273 526
-1913 5654 701
-1913 5992 658
-1888 5751 633
-1865 5310 600
-1771 5199 600
-1703 5914 501
-1666 4987 625
-1537 4673 600
-1516 4254 721
-1475 4575 543
-1425 4054 682
-1380 4044 627
-1351 4573 502
-1315 3722 631
-1309 3632 602
-1175 3357 593
-1073 3286 632
-1040 3118 612
-999 2868 577
-905 2750 483
-805 2268 733
-779 2490 595
-745 2189 602
-699 2216 542
-661 2018 463
-617 1819 488
-536 1854 338
-502 1616 318
-455 1511 350
-357 1306 262
-321 1660 249
-198 663 14
-184 637 1
-166 564 34
-94 260 22
#
