#
-2281 4039 147
-2260 3969 126
-2174 3884 212
-2163 3457 265
-2156 3714 22
-2142 3387 244
-2109 3336 277
-2088 3305 340
-2072 3632 10
-2067 3234 319
-2048 3224 338
-2038 3132 140
-2012 3560 50
-2005 3081 173
-1963 2979 215
-1947 3011 115
-1905 2909 157
-1882 2835 296
-1841 2885 221
-1802 2764 260
-1777 2739 401
-1757 2728 381
-1752 2694 310
-1750 2503 148
-1734 2459 164
-1690 2364 88
-1657 2279 121
-1615 2219 13
-1589 2080 159
-1572 2205 30
-1559 2048 189
-1529 1949 99
-1522 2135 80
-1493 1936 135
-1482 1919 72
-1449 1834 449
-1399 1693 379
-1383 1808 59
-1364 1765 26
-1359 1684 419
-1334 1644 414
-1314 1660 374
-1283 1522 303
-1243 1626 167
-1234 1502 394
-1221 1466 221
-1201 1439 241
-1193 1540 197
-1169 1401 169
-1099 1353 179
-1058 1311 58
-1038 1248 38
-962 1220 786
-958 1138 38
-892 1122 796
-876 1109 812
-862 1019 692
-841 989 745
-830 1004 724
-813 952 775
-787 970 755
-776 980 600
-757 939 581
-740 878 702
-738 897 642
-727 929 551
-722 885 658
-709 858 671
-708 914 252
-666 861 490
-648 793 610
-630 795 526
-610 762 546
-606 763 510
-570 687 506
-547 658 473
-530 615 466
-517 588 479
-491 666 349
-480 557 436
-471 655 329
-442 599 398
-378 525 158
-336 445 200
-307 428 229
-250 409 30
-220 349 0
-186 298 34
-158 283 56
-139 223 43
-107 188 69
-56 72 18
-41 59 3
#
