#
-3288 8019 30
-3241 7764 24
-3224 7513 73
-3204 7498 93
-3187 7408 110
-3184 7313 43
-3096 7117 131
-3026 7042 111
-2998 6916 231
-2987 7007 82
-2951 6588 191
-2941 6573 191
-2914 6419 154
-2906 6173 340
-2904 6333 167
-2899 5978 325
-2889 5841 309
-2822 5657 286
-2787 5491 309
-2768 5379 396
-2722 5233 333
-2699 5213 310
-2689 4947 300
-2662 4900 273
-2639 4734 250
-2628 4677 239
-2608 4667 259
-2545 4526 370
-2523 4484 466
-2499 4319 442
-2455 4166 425
-2421 4133 364
-2368 3884 390
-2334 3704 391
-2327 3804 349
-2268 3903 210
-2226 3522 429
-2199 3504 441
-2187 3352 364
-2181 3661 216
-2121 3611 270
-2078 3240 473
-2068 3229 463
-2012 3298 320
-1994 3082 161
-1947 2880 24
-1921 2868 50
-1888 2669 65
-1861 2818 54
-1835 2640 77
-1779 2556 174
-1753 2544 174
-1669 2405 150
-1537 2280 230
-1434 2247 755
-1403 2150 334
-1388 2097 565
-1298 2059 179
-1294 1951 633
-1256 1814 664
-1250 1854 530
-1218 1983 259
-1204 1854 615
-1188 1902 495
-1164 1758 593
-1151 1825 562
-1109 1696 574
-1003 1583 574
-959 1762 519
-880 1444 603
-829 1355 603
-738 1284 584
-710 1160 634
-701 1398 553
-699 945 664
-693 986 574
-662 1190 571
-599 965 524
-530 1100 465
-515 926 480
-489 970 414
-429 900 354
-400 771 365
-369 806 280
-325 703 280
-246 616 140
-205 659 89
-165 557 120
-164 490 69
-111 511 46
-105 302 30
-75 288 0
-60 204 15
-53 97 20
#
