#
-3217 7799 14
-3188 7641 37
-3157 7486 42
-3109 7323 79
-3058 7189 97
-3027 7053 97
-3004 6960 74
-2965 6361 266
-2946 6765 26
-2940 6292 291
-2915 6201 310
-2891 6103 280
-2878 6622 246
-2865 5919 275
-2859 5854 269
-2806 5751 212
-2781 5682 237
-2760 5556 196
-2710 5522 246
-2674 5040 279
-2655 5015 298
-2633 5307 230
-2626 5184 181
-2608 4955 319
-2585 4753 170
-2504 4604 220
-2464 4510 240
-2434 4366 414
-2424 4356 414
-2365 3874 71
-2345 3862 71
-2303 4132 55
-2274 3720 30
-2244 3685 0
-2228 3427 208
-2172 3347 202
-2147 3278 177
-2137 3273 167
-2087 3225 137
-2004 3113 117
-1948 3057 119
-1872 2893 335
-1823 2860 244
-1793 2841 274
-1760 2775 647
-1708 2663 616
-1694 2507 630
-1666 2479 610
-1654 2402 670
-1598 2563 509
-1526 2125 738
-1515 2300 570
-1487 2116 717
-1434 2377 547
-1405 2078 680
-1375 2388 372
-1330 1929 750
-1312 1864 768
-1271 2018 471
-1251 2006 491
-1242 1818 698
-1185 1963 640
-1182 2185 386
-1145 1913 367
-1125 1779 590
-1051 1783 517
-1033 1706 535
-1029 1594 686
-1009 1523 706
-969 1486 765
-938 1446 771
-906 1758 353
-893 1579 396
-890 1481 547
-871 1356 586
-849 1240 777
-808 1100 705
-737 1281 482
-646 1068 461
-616 1049 431
-562 869 454
-516 789 429
-485 719 409
-391 880 206
-361 677 186
-315 574 185
-304 513 196
-262 428 186
-225 592 149
-192 451 147
-126 293 32
-103 283 51
-74 144 9
#
