#
-4699 18145 164
-4689 18135 174
-4658 17353 154
-4643 17282 164
-4598 16866 105
-4578 16852 105
-4577 16018 105
-4563 15964 119
-4485 14571 212
-4445 14154 252
-4445 14560 212
-4407 14000 243
-4404 13234 125
-4364 13207 105
-4343 15427 64
-4303 12734 143
-4303 15387 62
-4283 12720 123
-4138 12421 139
-4072 12238 82
-4067 12174 221
-4052 12225 82
-3918 11788 227
-3905 11739 247
-3875 11761 227
-3773 11319 299
-3690 11089 404
-3688 10660 758
-3627 11077 359
-3600 10802 353
-3578 11353 282
-3448 10694 384
-3369 9762 711
-3358 10008 678
-3278 10375 284
-3268 10355 284
-3194 9545 749
-3182 9474 672
-3119 9438 713
-3064 9232 723
-2982 8887 697
-2917 8585 672
-2872 8006 723
-2779 8458 603
-2718 7774 732
-2666 8431 657
-2628 7473 733
-2527 7351 659
-2440 7205 592
-2345 6795 743
-2247 6580 659
-2230 6116 733
-2130 5829 688
-2023 5785 758
-1986 5414 733
-1884 5492 680
-1821 5848 584
-1739 6132 557
-1676 5729 613
-1615 4951 632
-1595 4940 612
-1544 3969 743
-1452 4248 687
-1371 5141 512
-1321 4104 657
-1230 3342 690
-1218 4070 554
-1207 4004 565
-1194 4242 502
-1176 4715 471
-1154 4632 482
-1092 3282 644
-1054 3019 573
-1050 3696 523
-1001 4359 428
-952 3304 471
-895 2940 603
-765 2821 442
-724 2018 603
-684 2544 452
-664 2035 522
-594 1807 504
-561 2529 310
-521 2276 399
-490 1709 328
-439 1516 339
-344 1394 172
-303 1293 182
-254 1110 142
-192 505 12
-180 509 0
-162 407 32
-111 238 23
-89 157 21
#
