#
-7724 30682 89
-7604 30130 117
-7485 29819 134
-7337 29326 269
-7263 29067 232
-7224 28875 294
-7206 28856 312
-6969 27746 772
-6955 27734 758
-6880 27422 772
-6771 27450 680
-6738 27185 895
-6696 26891 1045
-6686 27062 655
-6594 26435 738
-6374 26206 1256
-6336 25474 1118
-6292 25715 1016
-6202 24856 817
-6076 24299 1526
-6031 24617 726
-6025 24458 925
-5968 24250 872
-5870 23508 1114
-5845 23936 1084
-5777 23168 1512
-5681 23983 806
-5595 22455 1085
-5496 22227 1218
-5391 21917 1545
-5336 22070 925
-5223 21237 1532
-5160 21716 1329
-5006 21127 1442
-5005 20510 1000
-4859 20071 1188
-4757 19875 1471
-4630 19366 1344
-4533 18511 1472
-4496 18722 1328
-4463 19551 1046
-4283 18351 1460
-4190 17889 1351
-4160 17653 1361
-4052 17151 1300
-3929 16737 1452
-3911 15864 1441
-3889 16246 1387
-3847 17682 985
-3783 16020 1375
-3624 17092 1273
-3508 14791 1483
-3492 15300 1095
-3381 15158 1455
-3336 13790 1550
-3247 14588 1141
-3080 13902 1307
-3038 14587 1277
-2874 12364 1368
-2770 13477 671
-2690 13398 810
-2659 13073 841
-2625 12107 1189
-2572 11857 1163
-2376 10941 860
-2278 10528 1414
-2248 10176 1264
-2212 9649 1285
-2152 11621 689
-2059 8951 1441
-1861 8336 1418
-1704 7614 1284
-1662 7171 1497
-1604 7485 1445
-1504 7026 867
-1450 6636 789
-1266 6724 605
-1229 7373 529
-1208 6205 571
-1143 6264 482
-1129 5563 850
-1033 5826 461
-989 5154 561
-916 3778 799
-800 5574 449
-793 4898 499
-775 5074 406
-694 4687 360
-637 4495 431
-473 3593 187
-363 1925 302
-319 2288 169
-288 1871 196
-212 1900 112
-148 1033 56
-100 623 0
-67 303 9
#
