#
-4835 28316 123
-4809 28280 119
-4749 28265 71
-4723 27589 159
-4660 27580 268
-4615 26890 237
-4593 25611 209
-4557 25141 209
-4442 24877 214
-4433 24857 292
-4332 24184 214
-4327 26532 180
-4317 26240 183
-4293 24297 139
-4196 23321 223
-4156 23226 240
-4153 23639 135
-4109 22744 234
-4082 22261 357
-4033 22712 243
-3988 22295 283
-3885 21538 302
-3810 20776 263
-3732 20608 252
-3667 20030 967
-3652 20008 926
-3643 19405 993
-3632 18137 523
-3592 18125 563
-3546 18086 573
-3518 17857 545
-3497 17845 524
-3493 17444 384
-3381 17379 421
-3305 16626 542
-3283 16008 419
-3248 15940 384
-3164 14644 598
-3099 15766 493
-3080 14529 648
-3078 14063 509
-2967 13869 461
-2930 13672 916
-2910 13617 906
-2908 13392 582
-2867 12748 438
-2753 12453 386
-2688 12181 874
-2624 12062 874
-2604 12043 874
-2595 12395 835
-2535 11599 782
-2498 11501 822
-2473 11322 844
-2434 11639 760
-2403 11048 897
-2379 10628 720
-2306 10010 820
-2299 9358 773
-2244 10084 726
-2242 9350 773
-2170 8669 632
-2121 8155 685
-2084 10594 615
-2043 8322 648
-1984 7851 679
-1882 7434 756
-1862 7542 694
-1812 7291 694
-1673 6629 697
-1617 6243 674
-1540 7959 657
-1457 5500 727
-1383 4975 697
-1369 5795 598
-1300 4617 764
-1222 4170 786
-1139 4531 748
-1101 3988 710
-1062 5101 589
-896 3263 736
-878 3998 398
-849 2921 787
-834 3409 354
-813 2979 375
-724 2516 333
-718 3154 304
-535 2059 372
-504 2201 331
-485 1933 403
-456 1989 264
-366 1522 313
-270 2609 87
-219 1765 100
-192 1138 42
-173 1073 61
-150 650 0
-120 603 19
-62 363 9
#
