#
-3444 8081 100
-3423 8028 83
-3375 7997 131
-3373 7681 79
-3339 7487 79
-3258 7424 173
-3225 7554 63
-3199 7328 215
-3194 7045 123
-3142 6765 199
-3130 6688 187
-3124 6445 311
-3078 6349 229
-3062 6318 229
-3031 6174 269
-2978 5996 210
-2950 5798 226
-2939 5630 215
-2929 5619 211
-2858 5848 190
-2855 5560 205
-2819 5481 211
-2793 5439 197
-2745 5086 382
-2725 5066 402
-2672 4572 361
-2612 5200 296
-2604 4761 357
-2558 5179 326
-2552 4427 357
-2522 4412 387
-2505 5116 234
-2480 4670 293
-2414 4316 283
-2353 4209 774
-2298 4121 829
-2291 3863 764
-2268 4175 303
-2235 3782 814
-2220 3647 733
-2208 4031 261
-2171 3599 763
-2123 3748 640
-2046 3471 715
-2041 3393 720
-1984 3820 162
-1969 3486 606
-1907 3267 799
-1845 3362 779
-1836 3178 633
-1789 3299 606
-1737 3066 668
-1713 2803 804
-1690 3342 414
-1642 2961 514
-1607 2921 569
-1587 2889 559
-1522 2483 729
-1413 2701 643
-1397 2444 645
-1313 2228 700
-1306 2256 678
-1235 2556 513
-1217 2329 483
-1198 2029 688
-1188 2187 555
-1149 2501 422
-1104 2046 559
-1098 1963 493
-1063 1923 538
-1058 1832 789
-1049 1913 528
-1007 2038 465
-973 1726 739
-933 1637 769
-839 1353 784
-724 1564 455
-671 1541 432
-663 1205 583
-644 1162 512
-624 1313 470
-560 1073 480
-555 1385 442
-515 1368 402
-442 1120 342
-427 1067 347
-332 1114 139
-302 903 129
-263 764 120
-260 612 149
-249 575 149
-194 499 54
-168 426 55
-140 289 40
-120 252 0
-70 144 25
#
