#
-5030 15899 309
-4999 15867 320
-4881 15716 301
-4879 15299 206
-4845 15260 218
-4818 14285 508
-4730 14154 487
-4621 14713 223
-4620 13776 719
-4608 13620 435
-4576 14673 178
-4551 13235 415
-4445 12966 560
-4338 11807 519
-4324 12455 360
-4272 11495 525
-4209 11420 504
-4181 10917 482
-4135 12035 345
-4105 11983 375
-4086 10659 519
-4052 10520 462
-4043 10830 426
-3976 10270 555
-3937 10260 504
-3907 9774 434
-3880 9722 434
-3723 9338 260
-3696 9278 568
-3649 9309 550
-3606 9053 444
-3522 8884 394
-3507 8854 479
-3428 8489 223
-3389 8464 245
-3337 8156 297
-3262 8065 271
-3227 8035 322
-3175 7727 322
-3112 7235 1021
-3031 7577 337
-3023 6901 912
-2963 6752 922
-2812 6475 892
-2742 6278 922
-2620 5726 634
-2592 5914 593
-2508 5645 1032
-2466 5392 829
-2443 5296 864
-2379 5148 587
-2267 4855 772
-2235 4895 752
-2192 4507 752
-2169 4816 737
-2131 4478 772
-2083 4381 644
-1986 4075 732
-1879 3783 834
-1816 3492 807
-1770 3572 789
-1705 3247 859
-1606 3998 664
-1586 3908 664
-1560 3266 704
-1529 3106 634
-1416 2745 684
-1386 2734 684
-1302 2529 782
-1212 2450 679
-1136 2237 792
-1134 2874 584
-1067 2082 782
-974 1592 787
-886 1396 792
-855 1809 608
-795 1778 618
-791 2178 569
-671 1560 612
-530 1474 245
-432 1097 185
-424 1074 137
-305 874 195
-275 805 155
-257 456 107
-227 419 107
-218 495 87
-207 408 127
-207 418 77
-154 252 20
-144 242 50
-120 198 0
-64 130 19
#
