#
-2336 4021 252
-2335 3980 253
-2305 3952 283
-2283 3888 201
-2253 3860 231
-2218 3727 370
-2203 3612 121
-2163 3546 161
-2140 3472 448
-2131 3384 457
-2092 3351 496
-2074 3338 478
-2059 3308 503
-2049 3272 435
-2020 3227 464
-2008 3104 316
-1999 3016 325
-1969 2996 355
-1940 2952 384
-1920 2940 404
-1890 2919 434
-1886 2775 198
-1822 2639 262
-1787 2565 295
-1757 2536 265
-1755 2445 67
-1710 2404 62
-1704 2345 144
-1691 2309 131
-1681 2138 7
-1661 2113 13
-1631 2103 17
-1602 2063 46
-1597 1985 37
-1583 1968 91
-1538 1925 22
-1483 1882 9
-1465 1748 209
-1456 1850 0
-1445 1732 189
-1426 1715 170
-1395 1682 219
-1385 1668 229
-1356 1661 100
-1336 1615 160
-1336 1650 80
-1274 1567 282
-1250 1507 424
-1234 1543 242
-1220 1488 394
-1191 1464 365
-1171 1432 345
-1141 1415 375
-1120 1331 554
-1111 1405 345
-1081 1298 515
-1041 1254 475
-1020 1244 454
-1001 1232 435
-966 1205 550
-946 1193 530
-932 1192 584
-903 1159 613
-882 1149 592
-865 1056 695
-862 1139 572
-852 1113 622
-841 1060 651
-825 1048 667
-815 1010 677
-797 979 659
-765 937 691
-743 864 513
-723 840 533
-697 790 559
-666 803 510
-657 744 519
-598 742 534
-564 670 468
-532 652 500
-508 614 318
-462 571 304
-431 520 335
-420 491 346
-378 423 188
-352 373 214
-303 386 113
-277 323 139
-250 314 40
-220 278 10
-184 241 46
-162 236 68
-105 177 33
-85 136 53
-41 59 3
#
