#
-4305 16892 82
-4269 16838 82
-4239 16606 135
-4234 16022 85
-4198 15968 59
-4132 15770 115
-4076 15561 141
-4053 15229 226
-4017 15175 200
-3976 14700 192
-3890 14072 318
-3861 13914 317
-3843 14328 178
-3823 14318 158
-3775 13825 279
-3722 13647 346
-3702 13561 366
-3687 13227 330
-3620 13079 459
-3588 13025 428
-3519 12873 352
-3487 12451 379
-3431 12065 373
-3348 11830 382
-3288 11639 442
-3241 11552 427
-3209 11265 427
-3112 10885 435
-3092 10532 461
-2984 10443 489
-2970 10232 463
-2915 9925 793
-2887 9536 210
-2825 9289 190
-2770 8977 204
-2693 8842 256
-2686 8721 263
-2677 8316 54
-2615 7919 61
-2569 7890 103
-2530 7628 5
-2510 7611 21
-2422 7502 92
-2406 7176 70
-2388 7219 36
-2328 7070 40
-2289 7041 293
-2192 6725 406
-2165 6285 390
-2145 6275 410
-2097 5827 399
-2077 5718 399
-2020 5630 624
-1995 5321 599
-1948 5766 353
-1868 5536 411
-1799 4845 609
-1703 4747 579
-1635 4697 604
-1571 5156 574
-1568 4344 631
-1523 4801 556
-1511 3862 564
-1442 3970 516
-1382 3691 556
-1324 3409 537
-1286 3389 579
-1266 3359 599
-1233 3016 547
-1190 2823 537
-1120 2705 537
-1096 2557 614
-1040 2428 638
-969 2443 507
-942 2325 516
-790 2442 457
-754 1455 614
-726 2200 484
-663 1745 543
-601 1703 467
-492 1352 352
-421 1232 367
-353 1039 214
-334 895 234
-314 885 214
-298 762 164
-220 614 50
-180 348 50
-120 288 0
-104 170 10
-79 130 25
#
