#
-3264 9302 220
-3219 9070 175
-3172 9263 128
-3141 8913 107
-3124 8333 320
-3071 8410 232
-3055 8143 225
-3041 8400 202
-3029 7466 330
-3009 8011 197
-3003 8505 102
-2955 7742 151
-2952 7697 167
-2888 7643 128
-2860 6783 412
-2815 6551 367
-2811 7357 84
-2795 6540 347
-2791 6539 343
-2775 6409 377
-2750 5836 402
-2723 6137 299
-2713 7109 191
-2686 6490 240
-2679 5861 175
-2620 5306 312
-2599 5752 155
-2563 5108 195
-2533 5097 195
-2503 4973 225
-2482 5577 142
-2476 4803 388
-2436 5392 172
-2402 4447 294
-2397 4843 122
-2362 4419 254
-2282 4281 244
-2256 4196 241
-2226 4185 211
-2186 4124 804
-2158 4067 756
-2128 3991 736
-2118 3888 756
-2091 3825 729
-2020 3794 656
-1984 3604 589
-1964 3532 692
-1872 3402 525
-1848 3252 619
-1828 3344 569
-1709 3118 772
-1675 2928 850
-1637 2834 800
-1559 3113 639
-1529 3102 609
-1499 2842 639
-1449 2820 639
-1413 2311 603
-1351 2153 619
-1348 2655 599
-1298 2632 549
-1275 2512 526
-1272 2081 648
-1214 2324 531
-1161 2265 540
-1051 1972 793
-1048 1938 826
-1032 1826 619
-1028 1777 663
-998 1761 619
-931 1626 673
-880 1858 467
-840 1340 716
-836 1785 471
-806 1384 686
-780 1301 560
-740 1588 502
-680 1558 521
-678 1091 570
-639 1031 585
-629 1284 487
-516 1137 428
-449 905 271
-370 751 286
-360 719 286
-258 532 88
-228 443 70
-214 389 56
-154 359 60
-120 279 0
-118 221 24
-64 130 19
#
