#
-4581 20102 133
-4521 19602 113
-4496 19920 93
-4446 18641 87
-4368 19380 57
-4351 18037 57
-4296 17570 311
-4257 17544 293
-4237 17021 231
-4235 17809 144
-4161 16429 188
-4141 16405 172
-4057 15328 268
-4051 16301 209
-4027 15318 268
-4011 14683 283
-3994 16148 229
-3957 14578 283
-3934 14080 268
-3931 14045 224
-3821 13963 244
-3771 13789 234
-3720 15656 173
-3663 13567 256
-3633 13554 256
-3595 13463 449
-3594 13436 439
-3528 12848 393
-3478 12851 379
-3468 12828 379
-3421 12307 724
-3392 12254 713
-3322 12653 330
-3302 12069 703
-3296 10859 610
-3215 10345 691
-3198 10282 706
-3136 10874 598
-3116 10770 598
-3048 10066 685
-3019 10573 589
-2874 9714 609
-2786 9132 676
-2602 8739 757
-2537 8381 688
-2510 7989 699
-2441 7863 645
-2367 7827 649
-2330 7711 666
-2230 7327 667
-2227 7364 644
-2097 7066 546
-1983 6807 685
-1958 6208 649
-1899 6239 625
-1796 5949 537
-1693 5441 698
-1661 5370 698
-1609 5498 545
-1561 5014 545
-1445 4922 658
-1389 4739 634
-1348 4622 645
-1255 4347 556
-1195 4016 566
-1134 3692 521
-1062 3446 531
-989 3514 489
-957 3628 422
-937 3341 683
-859 2951 688
-857 2982 675
-820 2641 554
-744 2404 459
-692 2194 499
-684 2378 399
-633 2301 469
-571 1950 298
-460 1597 365
-400 1473 335
-329 1180 81
-307 818 2
-229 646 35
-212 666 32
-168 559 52
-74 257 12
#
