#
-3483 18501 207
-3457 18328 230
-3453 18491 207
-3428 17974 240
-3382 17793 250
-3310 17469 326
-3286 18104 101
-3258 17653 193
-3220 17327 186
-3199 16784 343
-3145 17363 94
-3125 17059 127
-3067 14707 328
-3047 14700 348
-2985 16554 257
-2959 16150 165
-2918 13780 425
-2889 15811 155
-2809 15350 166
-2777 13869 289
-2759 12609 425
-2742 12848 368
-2685 12990 228
-2643 13308 221
-2629 14962 210
-2577 12270 228
-2559 14501 210
-2524 11963 271
-2482 11779 608
-2405 11813 586
-2382 11705 177
-2355 11439 566
-2335 11338 586
-2300 11030 505
-2248 9993 508
-2200 11178 478
-2144 10404 468
-2117 10906 442
-2111 10578 153
-2097 8617 525
-2041 8729 498
-2003 10125 462
-1940 9542 432
-1894 9693 273
-1857 9447 407
-1832 7902 497
-1822 9003 369
-1792 8906 389
-1729 7630 506
-1722 8378 407
-1677 8102 382
-1657 7811 382
-1604 6744 489
-1584 6103 556
-1563 6452 432
-1538 6120 509
-1524 5777 655
-1481 5630 635
-1470 6021 452
-1415 7052 417
-1382 7217 392
-1315 5110 339
-1238 4953 452
-1228 4942 462
-1165 4455 359
-1137 3830 635
-1096 4107 556
-1094 4329 463
-1051 4102 349
-991 3909 452
-966 3567 307
-903 3059 535
-895 3020 536
-870 3408 359
-788 2322 713
-786 2698 265
-702 2452 307
-672 2468 277
-632 2148 296
-521 1836 287
-458 1739 317
-397 1639 298
-383 1149 295
-355 1184 276
-345 1536 224
-337 1168 134
-264 887 144
-193 621 72
-183 825 62
-128 361 30
-121 527 1
-110 324 31
-87 280 12
#
