#
-11365 43123 31
-11130 42784 77
-10994 42345 195
-10806 41952 572
-10449 41122 571
-10419 41090 561
-10148 41197 454
-10046 40826 860
-10019 40800 844
-9850 40238 1017
-9603 39837 619
-9337 36138 1894
-9304 39734 809
-9278 38342 1367
-9146 37792 1534
-8894 38180 1007
-8787 34962 1874
-8632 37730 1029
-8594 37450 1304
-8431 34469 1777
-8217 36870 1047
-8104 35466 1373
-7657 36352 1085
-7622 32237 1739
-7468 34277 1572
-7212 35716 1324
-7181 33197 1563
-7044 31291 1813
-6842 30584 1734
-6777 31154 1728
-6544 30125 1674
-6439 33654 1275
-6343 33660 1174
-6260 33423 1304
-6177 26385 1771
-5999 29962 1742
-5926 25958 1835
-5846 31751 1384
-5644 24317 1876
-5474 25702 1615
-5383 24654 1868
-5183 28862 1398
-5045 22674 1590
-4986 29508 1394
-4955 28915 982
-4680 21133 1876
-4651 19637 1707
-4620 27118 1145
-4536 27866 991
-4328 23365 1163
-4279 21247 1512
-4225 18356 1876
-4062 18601 1842
-3980 19343 1494
-3815 19013 1653
-3699 16762 1601
-3536 17908 1590
-3389 17775 1468
-3266 22259 1076
-3156 19010 1131
-3042 15608 1616
-2908 15917 1202
-2801 12903 1697
-2724 16922 973
-2656 14278 1240
-2463 14991 1067
-2293 10051 1854
-2222 13476 1446
-2156 11313 1212
-2108 16145 941
-1995 10455 1349
-1813 11829 791
-1663 6981 1517
-1626 12995 743
-1606 12710 753
-1552 10558 956
-1416 7789 1116
-1330 10514 473
-1161 10750 355
-992 6239 670
-983 6117 679
-945 6346 522
-933 8688 377
-875 7139 280
-873 5877 716
-729 5470 423
-719 5458 433
-664 3897 251
-634 3637 488
-589 4834 241
-543 3768 299
-485 3032 313
-453 2759 168
-423 2374 313
-414 1782 0
-272 1133 123
-237 1712 91
-110 130 20
#
