#
-3685 8001 226
-3610 7882 240
-3572 7126 319
-3562 7737 192
-3503 6971 271
-3498 7545 88
-3479 7527 88
-3463 6945 291
-3433 6929 321
-3410 6751 177
-3384 6471 272
-3324 7276 159
-3312 6688 255
-3288 5735 464
-3280 6252 168
-3250 5598 406
-3230 6208 217
-3199 6143 248
-3191 5563 415
-3146 5378 302
-3141 6346 148
-3136 5370 312
-3092 5901 21
-3065 5270 302
-3023 5841 49
-3008 5229 359
-2978 5038 115
-2929 5002 124
-2892 4829 96
-2840 4795 120
-2805 4749 27
-2796 4766 0
-2760 4420 248
-2719 4305 260
-2690 4279 240
-2623 4622 135
-2595 4232 236
-2512 4555 155
-2475 3933 495
-2431 4103 423
-2364 3861 475
-2288 3669 680
-2238 3771 389
-2237 3761 354
-2218 3533 599
-2162 3496 767
-2053 3479 664
-2011 3308 958
-1942 3004 937
-1921 2956 1008
-1910 2920 936
-1885 3091 911
-1827 2975 892
-1735 2686 843
-1647 2485 823
-1602 2761 746
-1583 2502 727
-1523 2879 674
-1475 2617 696
-1460 2266 887
-1426 2431 769
-1369 2098 780
-1282 1893 882
-1265 2040 862
-1262 2186 720
-1250 2132 742
-1239 2029 836
-1199 1872 793
-1131 2266 537
-1107 1690 780
-1054 1957 651
-1015 1548 852
-993 1450 901
-963 1847 560
-940 1258 876
-862 1299 793
-848 1619 759
-822 1453 757
-782 1654 541
-776 1148 711
-712 1317 611
-685 1175 596
-625 1487 522
-543 1065 500
-418 878 376
-363 957 260
-342 1106 181
-295 667 230
-151 734 70
-151 814 50
-123 513 59
-106 405 39
-66 156 2
-54 128 13
#
