#
-4546 15006 239
-4530 14900 239
-4486 14793 279
-4375 14623 304
-4363 14220 249
-4354 13919 249
-4294 13868 302
-4202 12875 357
-4186 13663 292
-4183 11464 467
-4154 13396 93
-4145 13375 142
-4104 13373 103
-4102 10845 457
-4098 13342 113
-4081 10812 442
-4054 13088 217
-4053 12410 357
-4034 13077 217
-4006 12862 194
-3975 10526 397
-3959 12115 201
-3939 12686 194
-3857 11715 201
-3849 10087 281
-3815 9753 330
-3717 11186 173
-3645 9465 360
-3618 9310 289
-3511 8931 385
-3438 8581 425
-3425 9197 237
-3350 8291 487
-3320 8157 974
-3277 8486 410
-3223 7753 596
-3213 7740 596
-3171 7449 495
-3141 7427 525
-3012 7361 495
-3002 7081 865
-2944 7127 826
-2917 7119 623
-2884 6887 935
-2851 6727 935
-2810 6486 923
-2769 6471 847
-2746 6591 840
-2674 5947 879
-2602 6087 826
-2492 5899 705
-2439 5812 803
-2387 5864 737
-2318 5429 877
-2313 5739 700
-2294 5377 753
-2279 5153 855
-2274 5036 887
-2212 4927 834
-2122 5233 813
-2055 4563 811
-1990 4509 725
-1922 4251 783
-1859 4518 718
-1806 4073 727
-1792 4766 642
-1743 4067 677
-1679 3796 773
-1608 3941 677
-1592 3420 945
-1552 4354 654
-1534 3339 943
-1451 3223 757
-1410 3213 718
-1289 2736 787
-1242 3141 633
-1171 2935 557
-1052 2791 537
-1038 2624 505
-1009 2370 567
-983 2276 800
-940 2049 813
-888 2326 535
-716 1901 554
-661 1665 524
-596 1340 505
-492 1400 372
-408 1173 317
-351 1301 254
-201 923 36
-181 856 47
-147 625 60
-100 573 0
-92 509 8
-89 326 20
#
