#
-1891 3985 155
-1880 3871 166
-1853 3719 139
-1838 3679 154
-1802 3808 66
-1776 3653 92
-1738 3566 2
-1727 3452 13
-1712 3411 28
-1692 3186 354
-1678 3399 4
-1672 3095 374
-1665 3035 327
-1645 2944 347
-1637 3294 77
-1595 2912 397
-1565 2850 427
-1535 2799 457
-1519 2676 221
-1490 2634 192
-1449 2594 291
-1424 2600 258
-1414 2504 116
-1379 2444 181
-1349 2425 211
-1329 2374 411
-1306 2264 8
-1298 2188 0
-1248 2156 50
-1226 1925 112
-1218 2094 80
-1208 1836 130
-1208 2054 90
-1188 1745 110
-1180 1782 102
-1158 1723 80
-1138 1671 60
-1078 1600 0
-1036 1546 78
-1029 1511 309
-1019 1461 319
-1017 1496 297
-1009 1420 289
-1001 1461 281
-949 1338 249
-943 1385 223
-933 1336 233
-919 1277 219
-899 1275 179
-889 1225 189
-839 1132 119
-819 1117 99
-789 1058 89
-789 1105 69
-746 1005 552
-716 983 522
-712 949 526
-696 931 502
-692 897 506
-682 885 496
-676 1023 242
-662 878 476
-652 837 466
-636 860 442
-602 833 564
-593 768 485
-581 731 537
-572 684 386
-533 626 425
-526 690 332
-501 577 457
-481 562 437
-441 542 397
-417 696 263
-387 649 293
-379 614 341
-359 603 321
-312 548 268
-264 567 170
-239 517 195
-193 297 1
-170 285 22
-150 206 42
-118 165 74
-96 155 58
-69 106 25
-41 59 3
#
