#
-4692 13703 270
-4604 13365 331
-4585 13612 299
-4509 12972 260
-4500 12672 269
-4469 12402 243
-4457 12121 309
-4415 12074 351
-4387 11997 250
-4348 11696 289
-4309 11676 279
-4177 11486 475
-4145 11446 497
-4119 10996 593
-4104 10670 549
-4070 11127 423
-3997 10631 666
-3996 10485 603
-3991 9982 436
-3913 9920 466
-3908 9378 353
-3883 9291 328
-3839 8994 303
-3797 8901 323
-3755 8833 323
-3634 8779 424
-3553 8429 287
-3477 8300 413
-3473 7825 425
-3376 7739 485
-3298 7356 374
-3220 7270 420
-3190 7222 462
-3159 6958 367
-3077 6607 485
-3057 6832 335
-2974 6477 464
-2967 6475 485
-2894 6266 544
-2885 5843 151
-2815 5758 171
-2768 5761 165
-2706 5680 187
-2668 5626 204
-2655 5141 149
-2565 5020 98
-2492 4911 85
-2477 4791 239
-2447 4781 209
-2377 4666 142
-2317 4625 172
-2212 4368 193
-2121 4088 723
-2061 4021 743
-2001 3886 662
-1997 3709 709
-1957 3853 668
-1889 3967 629
-1868 3404 733
-1821 3596 583
-1796 3340 678
-1753 3316 616
-1676 3277 578
-1607 3015 559
-1500 2728 738
-1483 2835 679
-1383 2672 632
-1379 2769 616
-1311 2301 689
-1178 2382 664
-1093 1963 589
-1074 2094 560
-1050 2184 524
-1034 2132 530
-1004 1874 490
-964 1893 450
-929 1853 469
-807 1252 699
-798 1677 658
-792 1215 718
-773 1796 574
-716 1528 596
-692 1094 638
-681 1509 611
-678 1373 560
-594 1177 454
-520 1050 402
-475 940 421
-309 884 100
-309 946 95
-279 741 125
-249 688 131
-234 658 40
-214 598 40
-174 422 56
-160 317 0
-99 150 25
-64 130 19
#
