#
-4454 12754 291
-4366 12322 331
-4298 12529 286
-4228 12198 349
-4154 11686 341
-4148 11926 318
-4101 10968 596
-4038 11566 381
-4013 11543 529
-3963 11228 509
-3913 10722 119
-3887 10205 608
-3870 10640 184
-3814 10121 608
-3810 10450 176
-3800 10440 186
-3788 9844 588
-3696 10081 73
-3652 10028 49
-3633 9991 304
-3589 9952 344
-3564 8982 377
-3501 8900 378
-3469 9466 328
-3441 8855 308
-3351 8812 398
-3346 9226 216
-3335 8551 1041
-3292 8356 270
-3233 8329 1031
-3215 8264 1049
-3138 8075 863
-3110 7793 846
-3048 7606 791
-3048 7874 714
-2988 7563 761
-2965 7261 1049
-2942 7279 1006
-2922 7268 1006
-2841 7444 830
-2811 7049 783
-2782 6984 802
-2774 6920 810
-2710 6831 783
-2697 6394 770
-2685 6588 628
-2656 6625 467
-2556 6216 558
-2466 6823 354
-2401 5607 700
-2341 5536 699
-2203 5332 699
-2173 6072 1
-2140 6052 33
-2111 5104 875
-2074 4658 748
-2029 4589 730
-1988 5866 697
-1978 5281 670
-1933 5734 281
-1778 3988 741
-1750 4805 423
-1747 4929 396
-1738 4850 405
-1719 4009 651
-1665 3875 876
-1645 3861 856
-1558 3845 710
-1518 4301 435
-1450 4184 423
-1412 3706 883
-1364 2886 730
-1256 3046 691
-1225 3441 532
-1175 2942 662
-1167 2878 669
-1078 2757 483
-1044 3298 445
-1028 2613 495
-984 2345 740
-938 2521 482
-889 1946 730
-860 2493 502
-779 2198 532
-689 2215 445
-663 1557 524
-598 2121 370
-491 1671 363
-483 1609 370
-376 1517 242
-333 1388 225
-263 1105 104
-236 922 142
-173 803 65
-142 485 38
-101 342 18
#
