#
-4774 19144 127
-4669 19034 147
-4648 18355 172
-4631 18160 138
-4571 17631 204
-4535 17603 194
-4491 17165 167
-4428 16646 199
-4394 15556 308
-4360 16553 199
-4331 17016 103
-4280 15233 285
-4230 16212 78
-4215 16262 63
-4200 15876 78
-4198 14503 262
-4183 14886 232
-4140 14167 265
-3993 13472 318
-3932 13138 478
-3883 13852 187
-3854 12061 415
-3853 13842 217
-3842 12960 240
-3815 11888 353
-3811 12577 227
-3795 11878 333
-3675 12777 179
-3645 11250 386
-3586 11447 345
-3525 11051 392
-3503 10799 307
-3453 10713 903
-3395 10477 941
-3380 10938 240
-3314 10380 214
-3278 10055 814
-3269 9939 703
-3209 9754 703
-3203 9481 757
-3172 9268 806
-3100 8702 693
-3050 8432 743
-3021 8230 814
-2992 7949 814
-2932 7840 861
-2856 7043 806
-2795 6705 865
-2753 7213 713
-2727 7656 686
-2668 6675 865
-2637 6915 767
-2538 6266 915
-2489 6411 488
-2469 5916 681
-2399 5879 628
-2304 5801 915
-2288 5687 879
-2257 5666 944
-2132 5604 833
-2094 5397 828
-2039 5269 780
-2029 5265 780
-1997 4767 841
-1938 5107 618
-1891 5043 599
-1852 4392 636
-1803 4807 551
-1765 4024 679
-1694 4054 652
-1610 3908 889
-1459 3944 608
-1372 3406 621
-1332 3250 571
-1302 3212 571
-1252 2661 659
-1162 3275 521
-1124 2846 519
-1061 2457 657
-1020 2474 629
-901 2725 431
-843 2354 439
-728 1645 659
-701 1995 601
-590 1222 499
-533 1618 439
-480 1491 389
-409 1139 318
-290 1630 180
-260 1371 160
-200 1074 100
-160 826 50
-140 681 30
-100 645 0
-92 509 8
-89 326 20
#
