#
-2361 3792 211
-2311 3739 241
-2307 3716 157
-2255 3593 297
-2240 3566 282
-2172 3465 208
-2150 3343 314
-2102 3122 450
-2097 3220 367
-2089 3042 483
-2085 3084 433
-2078 3088 386
-2055 3105 325
-2043 2966 475
-2022 2946 496
-1995 2934 469
-1986 2847 394
-1966 2837 414
-1923 2807 457
-1908 2681 174
-1888 2667 194
-1879 2562 271
-1859 2550 251
-1828 2589 94
-1798 2472 132
-1795 2400 187
-1780 2413 108
-1754 2328 228
-1734 2284 248
-1732 2217 2
-1713 2085 21
-1693 2069 41
-1683 1974 51
-1673 2053 21
-1660 1953 54
-1630 1920 22
-1620 1825 12
-1607 1814 1
-1579 1753 53
-1559 1738 33
-1526 1710 0
-1506 1666 20
-1445 1645 81
-1409 1596 77
-1324 1550 162
-1309 1462 323
-1286 1537 264
-1270 1403 322
-1268 1403 364
-1237 1370 289
-1156 1313 208
-1146 1461 98
-1136 1303 228
-1106 1357 138
-1096 1278 148
-1055 1255 107
-1044 1261 58
-1006 1223 626
-976 1171 676
-974 1200 594
-953 1231 573
-936 1147 698
-926 1050 666
-870 943 736
-863 1049 609
-841 860 727
-802 963 502
-802 1178 422
-793 818 719
-770 791 696
-756 923 576
-742 922 562
-721 806 563
-704 732 660
-699 807 525
-689 732 615
-679 745 545
-677 889 485
-674 719 630
-641 700 603
-595 1100 215
-588 645 514
-568 769 454
-558 631 484
-482 739 368
-444 617 400
-415 625 375
-351 523 277
-295 681 115
-268 496 150
-249 470 131
-229 398 71
-197 348 63
-172 300 128
-104 191 30
-57 80 17
-41 59 3
#
