#
-2221 3938 203
-2194 3928 176
-2193 3849 175
-2163 3776 261
-2135 3687 233
-2116 3556 252
-2092 3544 228
-2078 3526 244
-2056 3419 368
-2029 3409 341
-2000 3282 370
-1999 3202 369
-1992 3007 26
-1959 2964 19
-1939 2865 1
-1934 2845 32
-1915 2714 51
-1914 2835 12
-1864 2639 0
-1849 2620 15
-1827 2488 139
-1807 2477 119
-1798 2360 168
-1747 2286 117
-1729 2256 99
-1695 2172 169
-1657 2131 171
-1618 2102 210
-1565 2024 263
-1515 1984 313
-1514 1893 116
-1480 1847 82
-1442 1768 44
-1403 1739 5
-1370 1672 28
-1343 1642 55
-1280 1595 350
-1248 1495 278
-1208 1463 318
-1198 1474 288
-1159 1418 189
-1139 1408 209
-1116 1366 146
-1076 1334 226
-1066 1351 156
-1056 1327 146
-1026 1293 196
-996 1262 530
-988 1287 498
-959 1242 429
-939 1232 409
-919 1119 489
-889 1168 439
-879 1091 449
-866 1056 436
-856 1164 366
-836 1145 386
-826 1039 396
-816 1015 386
-776 934 506
-756 919 546
-746 880 622
-736 906 526
-726 868 602
-706 814 582
-693 797 655
-670 755 632
-657 819 565
-653 776 549
-630 740 592
-592 831 298
-522 747 408
-504 683 466
-454 643 416
-402 656 288
-372 617 78
-364 581 326
-332 532 118
-292 483 138
-252 450 214
-242 424 128
-234 361 196
-209 317 85
-209 414 65
-169 388 25
-124 224 86
-114 207 76
-81 138 43
-56 72 18
-29 70 9
#
