#
-5757 41574 40
-5727 40756 70
-5688 41533 51
-5648 40541 60
-5540 39443 123
-5527 39436 140
-5514 39278 148
-5371 39156 203
-5321 38418 99
-5131 36521 181
-5131 37547 166
-5092 36241 220
-5082 36201 210
-4955 33839 413
-4924 34256 373
-4891 35588 105
-4813 33713 915
-4759 32188 387
-4686 32496 348
-4666 31586 346
-4569 31011 283
-4551 29879 326
-4531 29854 326
-4390 29433 268
-4384 28401 702
-4364 29413 251
-4347 26390 421
-4284 25989 432
-4199 28012 268
-4179 25482 407
-4094 24748 471
-4019 23766 672
-3872 22776 273
-3753 21823 517
-3748 21816 517
-3697 20932 860
-3677 20487 880
-3620 22358 465
-3531 19958 465
-3427 18822 910
-3372 17719 417
-3273 16783 580
-3241 16455 564
-3127 16910 450
-3041 16236 832
-3024 15397 781
-2993 15019 761
-2914 14801 799
-2866 14233 688
-2736 13783 791
-2724 13391 739
-2688 15881 647
-2560 11783 668
-2480 11764 722
-2470 11434 629
-2460 10984 649
-2344 10584 572
-2300 10438 811
-2272 10126 718
-2132 9567 728
-2128 9951 608
-2051 9776 587
-2017 9292 832
-1996 9144 582
-1933 8783 730
-1897 8741 759
-1834 8675 699
-1762 6997 543
-1750 7717 514
-1557 6117 528
-1468 4891 549
-1417 5558 548
-1336 5509 509
-1129 4372 522
-1001 5351 501
-960 4295 481
-889 3695 509
-871 3175 523
-804 5000 308
-769 3421 327
-657 2396 501
-637 2474 481
-592 1849 490
-507 2339 327
-449 1795 247
-363 1383 261
-202 639 50
-180 481 0
-160 471 20
-123 296 21
#
