#
-9366 30867 94
-9344 30832 94
-9044 30254 169
-8862 29688 277
-8842 29673 232
-8838 29670 253
-8713 29232 249
-8673 29188 232
-8351 28518 893
-8188 28255 900
-8141 28064 833
-7991 27656 1090
-7940 27193 1193
-7889 27491 1051
-7774 27512 1049
-7654 26959 1195
-7555 26472 1121
-7446 26439 937
-7361 25806 1485
-7227 24726 1824
-7152 23840 1851
-7141 25624 1471
-7014 25008 1286
-6838 24452 1674
-6777 25554 1106
-6689 24390 995
-6546 22734 1896
-6334 23626 1480
-6136 23546 1269
-6124 22886 1428
-6003 21946 1660
-5973 24006 1078
-5906 21271 1813
-5823 20879 1790
-5676 21889 1366
-5619 22636 1269
-5605 22203 1226
-5560 21486 1320
-5496 20214 1769
-5343 20996 1624
-5133 19706 1679
-5112 20922 1327
-5110 18717 1780
-4973 17337 1804
-4929 19412 1571
-4768 19083 1425
-4745 20096 1402
-4453 18795 1185
-4248 18053 1768
-4135 15988 1729
-3964 16806 1550
-3937 14098 1769
-3792 12998 1894
-3720 16563 1509
-3660 15462 1527
-3604 12173 1804
-3539 12035 1869
-3310 13415 1693
-3157 14833 977
-3122 15130 911
-3003 14344 1014
-2951 11552 1869
-2763 10852 1590
-2528 12421 947
-2480 11257 1170
-2389 11619 969
-2287 10108 1005
-2212 11008 812
-2166 8130 1705
-2128 10590 742
-2048 7782 1641
-1929 7475 1719
-1894 8861 1115
-1760 6743 1574
-1740 6382 1590
-1694 9338 741
-1581 8422 769
-1366 6957 722
-1173 5013 1023
-1131 5678 601
-1093 5346 601
-1047 5286 769
-896 7203 381
-895 4885 686
-887 5231 422
-810 4720 626
-724 3708 656
-703 3484 553
-631 3105 497
-578 4277 316
-503 3053 435
-436 2206 378
-307 2526 143
-294 2481 130
-215 1698 50
-210 1555 60
-200 1441 50
-150 509 0
-69 254 29
#
