#
-5753 21335 183
-5723 21322 213
-5710 20637 183
-5664 20613 177
-5593 20269 121
-5580 18389 264
-5578 17731 264
-5514 20238 151
-5436 16908 146
-5413 17518 140
-5376 19588 60
-5325 19560 64
-5309 16198 146
-5243 16687 124
-5228 18929 77
-5191 18822 77
-5088 16062 224
-5022 15311 441
-4958 14958 262
-4909 14735 376
-4887 14396 407
-4849 13773 439
-4832 13757 439
-4708 13273 501
-4665 13248 405
-4626 12393 405
-4612 11860 379
-4598 12590 334
-4558 12564 334
-4436 11627 443
-4404 11114 268
-4374 11099 298
-4272 10597 349
-4232 10559 349
-4206 10241 417
-4145 9930 244
-4062 9485 274
-4022 9439 244
-3982 9384 303
-3855 9297 206
-3838 8992 186
-3776 8853 480
-3639 8752 982
-3552 8282 1049
-3482 7927 907
-3438 8495 596
-3399 7593 887
-3342 7083 974
-3282 7121 944
-3170 7925 851
-3158 7929 839
-3089 6678 847
-3011 7592 809
-2978 7315 754
-2904 6296 938
-2818 7266 813
-2792 6926 780
-2765 6475 847
-2647 5768 978
-2516 5091 958
-2498 5621 956
-2364 5478 813
-2332 4503 861
-2141 4982 725
-2045 4077 908
-1974 4127 829
-1864 4010 988
-1844 4830 687
-1739 3871 859
-1633 4501 687
-1609 4156 816
-1568 3509 742
-1486 3710 715
-1411 3656 685
-1323 2804 908
-1248 3349 641
-1171 2810 655
-1130 2678 712
-1086 2583 692
-993 2913 533
-961 2516 567
-923 2221 742
-849 1726 745
-831 2370 432
-765 1721 645
-688 2097 507
-486 1777 305
-466 1626 305
-401 1201 313
-364 1138 273
-201 1227 81
-161 781 41
-124 475 10
-100 573 0
-89 326 20
#
