#
-6149 19056 16
-6070 18966 31
-5912 18682 123
-5831 18469 107
-5720 18369 183
-5639 18086 277
-5551 17884 218
-5487 16765 517
-5418 17721 161
-5372 16629 493
-5255 17380 390
-5107 15959 479
-5104 17252 347
-5022 16257 359
-4844 15511 1057
-4821 15698 537
-4625 15465 1129
-4601 15418 1129
-4552 15203 727
-4520 15146 695
-4487 14352 1467
-4365 15025 658
-4355 14978 678
-4279 14136 707
-4203 13735 817
-4169 13332 1429
-4111 13513 775
-4074 13009 903
-4041 12373 1448
-3934 12775 1409
-3878 12465 1197
-3845 12864 1041
-3790 11653 1457
-3666 11574 1504
-3644 11284 1333
-3533 11928 1161
-3347 12252 1098
-3297 11715 1003
-3259 10992 1224
-3242 10780 1429
-3158 11064 1046
-3118 10553 1046
-3057 10050 1271
-3015 9907 1301
-2976 10503 1248
-2910 9284 1284
-2901 10147 789
-2860 9512 1248
-2811 9217 1497
-2799 8778 1313
-2798 9705 1106
-2779 8965 1253
-2735 8861 1076
-2641 8564 1417
-2606 8409 1238
-2574 8155 1341
-2525 8066 1361
-2497 7848 1441
-2466 7936 1076
-2460 7545 1302
-2398 7141 1284
-2311 7629 1145
-2204 6799 1120
-1994 7206 952
-1954 6581 1385
-1880 6496 896
-1845 6077 1433
-1805 6786 842
-1670 5366 976
-1593 5815 831
-1560 5289 1189
-1536 4601 866
-1471 4570 931
-1368 4206 896
-1246 3844 982
-1215 3320 866
-1154 2852 954
-1061 4759 372
-1058 4495 510
-1024 4074 574
-893 3834 396
-881 3715 408
-806 2735 606
-737 3516 174
-722 2645 552
-679 3345 232
-645 2522 445
-630 2134 410
-553 2212 152
-547 2187 331
-432 1703 212
-379 938 99
-367 1354 87
-304 858 119
-280 504 0
-235 397 45
-124 238 65
-74 128 20
#
