#
-2557 3836 209
-2547 3816 237
-2534 3697 232
-2524 3646 242
-2514 3816 186
-2474 3682 126
-2453 3589 105
-2447 3551 319
-2430 3450 128
-2410 3434 108
-2364 3397 236
-2352 3301 428
-2335 3206 431
-2301 3192 465
-2289 3154 477
-2253 3124 125
-2226 3013 374
-2221 2946 297
-2210 2905 306
-2155 2881 363
-2151 2782 227
-2115 2740 263
-2095 2727 283
-2048 2697 330
-2035 2583 267
-2025 2533 257
-1979 2458 323
-1969 2408 313
-1948 2437 180
-1909 2346 141
-1836 2092 68
-1790 2046 22
-1780 2029 12
-1770 1958 154
-1769 2192 1
-1760 1956 144
-1714 1904 98
-1696 1893 80
-1667 1874 51
-1607 1839 9
-1595 1755 21
-1565 1741 51
-1522 1697 382
-1476 1645 336
-1465 1649 285
-1429 1606 249
-1379 1592 239
-1357 1496 217
-1286 1539 166
-1271 1403 581
-1233 1484 119
-1205 1335 607
-1165 1336 549
-1158 1305 560
-1148 1246 570
-1116 1206 538
-1098 1289 500
-1082 1144 842
-1046 1102 806
-1046 1239 536
-1016 1092 836
-1016 1170 418
-996 1054 816
-965 1028 785
-946 970 906
-929 1001 883
-917 984 737
-911 1001 671
-891 990 691
-857 956 757
-826 938 626
-796 940 556
-757 887 717
-746 831 706
-676 864 644
-645 858 371
-628 749 388
-600 877 360
-588 716 348
-564 608 526
-561 664 441
-530 595 486
-470 624 426
-405 674 105
-359 526 219
-308 388 270
-305 526 125
-238 473 192
-190 398 110
-160 350 80
-156 322 118
-120 258 60
-100 245 0
-81 163 17
-41 59 3
#
