#
-2071 3317 5
-2035 3259 3
-1986 3158 52
-1957 3019 75
-1955 2995 111
-1938 2947 94
-1938 3126 4
-1908 2918 26
-1889 2846 45
-1835 2838 129
-1809 2722 231
-1797 2813 145
-1783 2628 77
-1758 2592 52
-1748 2554 318
-1714 2481 324
-1710 2430 356
-1693 2421 339
-1682 2406 252
-1662 2395 272
-1653 2362 379
-1650 2324 334
-1644 2320 290
-1636 2241 246
-1629 2183 215
-1591 2124 115
-1573 2072 133
-1553 2061 153
-1530 1983 176
-1489 1994 89
-1471 1958 235
-1445 1760 31
-1420 1873 6
-1407 1697 7
-1392 1654 2
-1390 1718 0
-1372 1605 18
-1293 1569 97
-1286 1519 40
-1250 1513 226
-1227 1496 203
-1209 1421 185
-1169 1399 145
-1149 1315 205
-1110 1294 166
-1099 1220 255
-1090 1291 146
-1050 1212 426
-1047 1205 383
-1032 1158 368
-1009 1120 385
-979 1061 375
-941 1013 535
-905 1034 301
-903 949 497
-898 985 492
-890 939 510
-880 872 474
-861 861 455
-840 854 514
-828 842 448
-826 854 420
-801 836 435
-773 822 473
-741 797 395
-718 787 672
-710 760 644
-710 777 604
-700 674 654
-700 691 614
-691 766 585
-680 664 634
-671 762 565
-641 650 595
-602 848 302
-591 611 545
-588 598 548
-584 809 360
-535 786 489
-534 713 310
-515 695 329
-424 565 200
-380 503 224
-370 500 214
-355 408 51
-325 371 41
-295 363 71
-268 304 112
-225 270 181
-195 241 105
-165 288 59
-135 168 89
-121 149 35
-98 103 58
-75 185 31
-43 76 3
-41 59 3
#
