#
-2443 3774 41
-2428 3715 56
-2376 3700 128
-2366 3693 118
-2350 3656 102
-2331 3617 173
-2305 3607 147
-2294 3581 190
-2267 3526 185
-2243 3353 261
-2223 3343 281
-2175 3251 277
-2127 3231 377
-2121 3200 331
-2101 3187 351
-2057 3111 395
-2034 3104 418
-2021 3028 483
-2011 3022 473
-1989 2979 515
-1947 2901 557
-1921 2857 531
-1892 2778 250
-1862 2766 220
-1827 2642 185
-1807 2595 205
-1797 2582 215
-1770 2492 128
-1750 2379 148
-1719 2337 223
-1654 2248 136
-1642 2366 0
-1611 2224 93
-1599 2280 17
-1577 2158 39
-1546 2126 70
-1526 2041 12
-1478 1979 88
-1464 1915 74
-1375 1879 783
-1347 1831 755
-1342 1823 670
-1325 1730 573
-1302 1707 710
-1301 1753 217
-1287 1615 695
-1285 1672 613
-1245 1557 653
-1216 1536 624
-1191 1505 599
-1181 1598 509
-1171 1493 579
-1143 1514 391
-1120 1462 418
-1100 1442 438
-1090 1435 660
-1083 1337 431
-1051 1325 339
-1031 1278 359
-995 1253 323
-985 1186 333
-976 1146 414
-952 1176 300
-910 1103 480
-874 1078 444
-853 1098 291
-798 991 316
-789 983 749
-762 969 722
-748 939 642
-737 896 347
-695 844 655
-605 879 47
-592 827 492
-581 760 503
-561 702 523
-494 770 64
-456 697 296
-438 679 278
-419 621 253
-398 513 194
-374 559 188
-345 419 307
-318 367 274
-296 402 266
-287 490 83
-265 468 165
-237 307 193
-214 256 176
-163 351 3
-140 307 20
-112 269 14
-93 235 33
-89 169 51
-75 152 31
-52 104 8
-41 59 3
#
