#
-1919 6696 655
-1885 6432 655
-1845 6421 655
-1841 6647 597
-1835 6569 596
-1822 6304 635
-1813 5920 581
-1806 4911 655
-1797 4735 655
-1767 5887 571
-1760 6180 560
-1755 5659 583
-1745 4705 636
-1734 4863 616
-1730 5768 571
-1710 5609 560
-1704 4477 560
-1687 3990 551
-1681 5405 540
-1662 3981 540
-1614 3802 540
-1579 3752 545
-1563 3359 560
-1525 3493 503
-1521 3162 551
-1494 3141 531
-1484 3458 502
-1476 2964 495
-1446 2944 483
-1404 2931 495
-1374 2742 435
-1354 2723 455
-1321 2615 431
-1261 2570 431
-1214 2485 495
-1164 2461 455
-1161 2357 412
-1141 2345 402
-1092 2274 530
-1055 1909 483
-1025 1873 492
-985 2337 353
-961 2227 372
-932 1914 435
-911 2115 392
-899 2062 310
-863 1481 495
-859 2052 272
-823 1449 455
-800 1424 471
-781 1682 372
-761 1675 332
-720 1361 431
-710 1276 411
-669 1567 330
-633 942 445
-623 1297 294
-593 839 514
-590 870 471
-580 1188 281
-561 1173 281
-543 814 464
-540 1091 251
-510 1055 260
-500 680 421
-490 1023 260
-460 1014 230
-450 682 322
-420 645 331
-411 978 211
-390 594 311
-360 577 172
-340 545 152
-310 505 152
-270 449 191
-250 455 122
-220 397 141
-200 352 111
-200 370 101
-154 258 80
-130 331 31
-124 217 50
-94 166 40
-84 337 4
-64 130 19
#
