#
-2578 3688 62
-2527 3604 19
-2507 3588 39
-2495 3519 9
-2458 3467 182
-2443 3517 91
-2405 3387 129
-2394 3463 110
-2333 3340 201
-2316 3293 188
-2297 3186 71
-2271 3176 97
-2261 3158 107
-2252 3101 80
-2224 2970 52
-2153 2946 25
-2113 2921 65
-2049 2885 43
-2012 2841 166
-1954 2799 132
-1908 2532 580
-1877 2724 209
-1840 2472 512
-1822 2602 316
-1820 2453 532
-1814 2285 674
-1802 2341 474
-1796 2643 290
-1792 2249 484
-1782 2327 454
-1771 2227 463
-1738 2511 400
-1687 2072 547
-1674 2062 534
-1613 1966 903
-1610 1976 624
-1573 2020 433
-1543 2007 403
-1530 2119 202
-1503 1775 773
-1482 1753 752
-1456 1888 316
-1421 1701 711
-1374 1840 294
-1358 1674 648
-1327 1753 341
-1315 1577 961
-1266 1653 126
-1256 1345 1020
-1255 1393 979
-1236 1334 1000
-1235 1352 999
-1216 1294 1060
-1176 1493 822
-1156 1284 1042
-1156 1482 842
-1139 1225 1095
-1119 1471 549
-1102 1222 946
-1099 1433 569
-1077 1204 921
-1024 1279 314
-994 1181 852
-972 1188 696
-925 1086 807
-908 1041 864
-897 1076 779
-887 1035 731
-803 1098 489
-775 853 657
-755 830 637
-739 1071 503
-728 801 610
-693 1487 123
-682 861 560
-668 778 624
-643 810 599
-558 913 428
-554 1132 372
-535 977 381
-503 757 227
-493 725 217
-443 600 247
-399 711 163
-387 585 343
-363 567 207
-344 548 226
-307 492 263
-275 460 79
-245 450 49
-225 420 69
-199 387 155
-170 287 56
-141 209 95
-118 139 0
-79 134 35
-41 59 3
#
