#
-3410 15429 248
-3387 15374 248
-3386 14757 272
-3336 15033 244
-3330 14123 318
-3312 14361 268
-3282 14350 268
-3239 13886 394
-3215 13676 303
-3196 13383 314
-3146 13362 334
-3089 12942 268
-3081 12332 288
-3052 12239 279
-3033 12527 218
-3026 12086 305
-3021 11751 256
-3013 12517 238
-2991 11732 251
-2937 11578 264
-2873 11189 200
-2840 11144 200
-2791 10770 189
-2767 10225 166
-2733 10496 147
-2730 10779 90
-2655 10522 80
-2638 9825 212
-2574 9817 103
-2558 10449 63
-2543 9696 184
-2528 10431 63
-2519 9681 208
-2491 9781 115
-2473 9482 144
-2466 9621 130
-2410 8894 570
-2383 8758 540
-2380 8584 500
-2333 7821 530
-2313 7810 530
-2263 7760 520
-2245 8444 454
-2158 7471 472
-2112 7306 482
-2057 8314 450
-2009 6786 570
-1969 6771 570
-1939 6336 550
-1923 8204 418
-1889 6317 500
-1814 6136 482
-1781 6006 452
-1751 5994 452
-1706 5478 449
-1633 5124 559
-1589 5145 438
-1568 5366 428
-1553 6146 424
-1526 4744 589
-1475 4644 580
-1429 4947 472
-1399 4446 408
-1386 4390 408
-1346 4267 438
-1318 4088 417
-1260 4258 411
-1230 4243 411
-1205 3773 579
-1200 3862 392
-1148 3502 589
-1078 3437 419
-980 2986 428
-867 2737 402
-816 2725 358
-748 2339 580
-733 2509 358
-687 2505 369
-657 2088 433
-615 1882 428
-552 1708 365
-539 1995 357
-483 1661 371
-465 1580 334
-458 1456 342
-346 1175 225
-316 1165 227
-263 864 7
-243 792 21
-239 706 27
-178 494 37
-153 393 37
-148 479 36
-121 309 28
-74 257 12
#
