#
-5443 26259 259
-5385 26157 151
-5320 25775 151
-5310 24961 265
-5272 24547 234
-5267 22900 113
-5195 22507 105
-5122 21623 236
-5119 22231 124
-5086 22043 72
-5072 21837 85
-5030 20984 196
-4953 19907 185
-4949 20626 120
-4907 19038 193
-4868 20400 158
-4783 18494 170
-4770 18462 183
-4654 17939 277
-4613 16775 287
-4573 16758 327
-4515 15402 349
-4495 15392 369
-4455 15382 319
-4357 15282 408
-4317 14625 310
-4245 14168 408
-4232 14137 408
-4216 13424 258
-4150 13092 306
-4095 12843 311
-4012 12783 224
-3963 12745 448
-3920 12626 445
-3842 12509 389
-3772 12472 439
-3748 12034 827
-3688 11681 766
-3618 11332 806
-3534 11287 750
-3479 10066 766
-3325 10696 714
-3249 9583 666
-3227 9486 688
-3063 9275 708
-3013 9119 705
-2981 8423 796
-2848 8303 739
-2802 9069 732
-2762 7887 688
-2729 7781 786
-2574 7654 678
-2552 7509 801
-2490 7643 684
-2359 6760 805
-2297 6631 763
-2288 6832 720
-2189 6298 720
-2093 6016 677
-2007 5873 775
-1915 5472 727
-1842 5470 816
-1715 5334 644
-1666 5106 776
-1654 4721 816
-1591 4673 772
-1548 4498 716
-1445 3917 727
-1415 4340 634
-1332 3799 654
-1250 3562 608
-1202 3640 540
-1190 3473 540
-1061 3368 568
-969 3027 786
-870 2532 750
-866 2433 578
-826 2398 592
-695 2489 462
-678 2297 528
-678 2421 500
-665 2183 472
-642 1920 462
-550 2231 298
-478 1649 368
-444 1552 354
-311 1290 23
-238 1042 33
-203 770 43
-180 437 0
-160 417 20
-100 149 20
#
