#
-3511 7985 28
-3486 7971 53
-3473 7949 66
-3444 7736 27
-3437 7517 74
-3416 7315 78
-3391 7275 59
-3314 7045 53
-3243 6515 272
-3213 6791 154
-3210 6781 154
-3205 6473 261
-3193 6071 272
-3182 6057 261
-3156 6314 237
-3136 6303 257
-3126 5908 292
-3100 5870 192
-3028 5737 274
-2995 5727 297
-2977 5537 181
-2970 5536 174
-2935 5414 223
-2854 4872 361
-2834 4856 381
-2829 5288 349
-2814 4834 381
-2805 4739 354
-2804 4428 311
-2791 4418 298
-2765 5169 100
-2742 4290 331
-2709 4264 338
-2663 5002 171
-2646 4178 332
-2636 4986 171
-2559 4035 137
-2497 3918 86
-2421 3802 127
-2361 3748 146
-2286 3614 143
-2267 3516 139
-2171 3404 84
-2145 3249 465
-2091 3041 435
-2011 2984 360
-1958 3273 254
-1919 2875 607
-1839 2817 532
-1799 2776 547
-1786 2748 720
-1734 2846 368
-1694 2802 288
-1669 2681 838
-1639 2326 807
-1590 2755 512
-1563 2210 772
-1527 2420 755
-1510 2550 472
-1439 2313 731
-1422 2449 680
-1412 2424 570
-1364 1997 886
-1313 2063 669
-1303 2063 659
-1282 1864 804
-1244 2247 610
-1218 2162 616
-1187 2123 647
-1169 2076 645
-1145 1754 569
-1125 1744 589
-1090 1664 784
-1050 1640 744
-989 1384 869
-969 1329 879
-907 1251 787
-860 1137 817
-845 1174 710
-784 1021 741
-737 1565 446
-681 1051 591
-591 933 477
-566 968 428
-562 886 497
-538 1085 403
-465 845 422
-342 764 230
-290 731 200
-237 707 127
-176 553 111
-138 334 18
-90 196 0
-54 128 13
#
