#
-2882 7255 75
-2858 7074 99
-2850 7197 59
-2801 6809 65
-2780 6317 118
-2777 6628 83
-2763 6597 97
-2720 6282 138
-2710 6005 164
-2689 5860 53
-2675 5691 37
-2620 5629 67
-2612 5491 35
-2606 5342 89
-2576 5330 89
-2557 5120 40
-2530 4988 235
-2509 4565 184
-2481 4855 0
-2462 4524 221
-2451 4804 110
-2446 4365 137
-2429 4347 154
-2426 4048 147
-2426 4353 131
-2396 4035 117
-2344 3893 101
-2260 3695 120
-2214 3615 359
-2204 3603 349
-2175 3543 296
-2135 3402 276
-2095 3375 296
-2051 3297 272
-2035 3285 256
-1998 3116 202
-1964 3061 202
-1901 3056 174
-1849 2799 242
-1828 2977 237
-1803 2785 206
-1786 2684 223
-1746 2646 242
-1650 2525 339
-1620 2483 249
-1600 2436 449
-1580 2423 429
-1560 2408 409
-1489 2270 734
-1487 2356 359
-1446 2304 659
-1419 2203 686
-1373 2037 747
-1334 2000 646
-1324 2053 636
-1294 1875 734
-1252 1921 656
-1224 1788 664
-1184 1774 624
-1129 1744 636
-1065 1628 717
-998 1598 547
-963 1608 525
-958 1505 604
-877 1409 812
-868 1353 787
-855 1314 768
-801 1127 714
-772 1425 656
-770 1077 727
-742 1298 699
-730 1010 667
-689 1164 573
-689 1194 567
-666 1138 596
-639 1045 596
-610 950 547
-578 954 491
-558 938 471
-547 903 504
-504 934 462
-472 823 391
-451 787 408
-392 733 305
-372 697 307
-332 647 267
-267 626 191
-235 593 192
-155 496 112
-105 272 27
-105 330 20
-84 175 21
-53 125 13
#
