#
-4140 11771 225
-4088 11281 213
-4079 10963 195
-4034 10699 180
-4017 10444 180
-4002 11274 117
-3981 10884 117
-3916 10227 285
-3885 9290 339
-3880 10406 257
-3834 8902 359
-3824 8488 269
-3804 8470 289
-3795 9590 236
-3764 9532 236
-3742 9034 199
-3691 8249 285
-3620 7765 305
-3604 7755 321
-3600 8159 261
-3591 8780 226
-3565 7369 159
-3565 7695 139
-3560 7452 139
-3549 7078 128
-3473 6848 142
-3422 6834 77
-3381 6569 75
-3335 6366 53
-3328 6305 60
-3318 6294 50
-3264 6191 41
-3224 6169 81
-3119 6084 157
-3017 5816 594
-3009 6035 247
-2992 5745 524
-2957 5618 502
-2931 5566 594
-2890 5259 526
-2834 5449 415
-2747 5286 428
-2664 4963 456
-2591 4940 905
-2561 4859 895
-2555 4614 561
-2515 4603 819
-2513 4432 546
-2471 4404 566
-2442 4285 475
-2378 4254 471
-2329 4168 491
-2254 4007 445
-2234 3986 465
-2177 3934 465
-2087 3470 886
-2074 3518 866
-2004 3690 796
-1958 3301 785
-1917 3204 759
-1851 3095 804
-1780 2980 765
-1619 2952 773
-1581 2832 789
-1528 2946 654
-1485 2795 633
-1432 2519 759
-1353 2375 901
-1297 2161 845
-1257 2107 829
-1233 2023 805
-1168 2011 704
-1158 2007 714
-1109 2282 620
-1098 1986 674
-1069 2220 620
-1031 1758 603
-1007 1821 553
-1001 1746 603
-890 1603 810
-854 1667 424
-809 1538 381
-783 1419 729
-753 1313 653
-683 1326 553
-677 1211 583
-632 1254 578
-514 1105 410
-438 673 344
-423 667 349
-303 601 249
-196 759 76
-190 717 82
-155 707 101
-130 223 10
-120 198 0
-64 130 19
#
