#
-7161 19066 10
-6958 18749 184
-6835 18493 218
-6735 18207 246
-6486 17575 482
-6463 17966 303
-6436 17665 275
-6288 17255 275
-6158 16913 425
-6071 17075 394
-6053 17057 412
-5923 16552 678
-5918 16238 688
-5822 16011 203
-5646 15631 379
-5618 15619 407
-5502 15202 1599
-5435 14506 1736
-5370 15451 333
-5289 14880 1571
-5254 15389 350
-5155 15384 903
-5119 14141 1700
-5051 14656 1133
-5034 14292 669
-4984 14200 1173
-4877 13450 1729
-4806 13962 1226
-4770 13440 933
-4643 12657 1731
-4628 13177 1197
-4583 12690 1529
-4532 13708 840
-4513 13352 840
-4487 12865 1288
-4438 12531 1197
-4368 11962 1488
-4224 13463 767
-4141 11716 1396
-4109 12401 1221
-3934 11551 1419
-3794 10666 1747
-3605 11111 1237
-3550 10400 1701
-3542 10979 1324
-3494 10703 1656
-3352 10029 1460
-3293 9824 1425
-3203 11371 1007
-3121 8975 1481
-3095 9300 1270
-3003 8834 1442
-2890 8761 1454
-2821 10656 1239
-2740 8280 1279
-2622 8220 1362
-2485 7619 1438
-2452 7776 1142
-2410 8073 1096
-2384 7513 1376
-2256 7305 1299
-2167 7328 972
-2142 7566 958
-2046 7267 890
-2010 7170 828
-1928 6383 1002
-1774 5209 1569
-1729 5808 1035
-1596 5737 658
-1540 5084 796
-1530 5334 764
-1411 4146 1326
-1297 4544 1017
-1126 3154 1046
-1040 4204 698
-995 3330 806
-982 4002 447
-950 3626 718
-947 3745 459
-864 2871 566
-801 3172 497
-743 2621 525
-661 1912 602
-640 1876 581
-477 2309 186
-429 2200 144
-403 1582 125
-383 1960 107
-306 1400 76
-288 1320 168
-263 1222 193
-173 792 41
-130 433 56
-120 171 0
-74 128 20
#
