#
-4614 14882 199
-4582 14449 212
-4549 14781 175
-4466 14340 148
-4435 14243 117
-4434 13907 161
-4399 12068 266
-4357 13780 130
-4351 11998 230
-4287 11539 250
-4270 11520 233
-4242 13584 142
-4202 13027 226
-4175 11254 67
-4143 11053 102
-4089 10595 79
-4087 10898 62
-4059 10377 109
-4011 9449 547
-3978 9436 547
-3963 9002 531
-3883 8863 581
-3882 8919 571
-3876 9794 407
-3861 8852 581
-3853 9784 407
-3771 8346 469
-3732 10209 337
-3721 7989 355
-3691 7977 385
-3631 7743 415
-3508 7188 419
-3488 7178 439
-3387 7613 314
-3348 6912 507
-3336 6538 299
-3316 6524 319
-3238 6418 399
-3162 6215 625
-3102 6100 605
-3096 5779 301
-3021 5745 376
-2959 5460 401
-2891 5483 389
-2858 5470 356
-2839 4942 551
-2757 4828 479
-2675 4641 499
-2658 5211 186
-2587 4525 499
-2557 4418 771
-2537 4405 751
-2496 4413 318
-2395 4060 925
-2375 4044 935
-2356 3913 868
-2301 3906 821
-2276 3844 876
-2145 3780 955
-2109 4151 722
-2045 3588 935
-1978 3315 800
-1918 3173 790
-1834 3578 686
-1771 2944 965
-1689 2647 955
-1657 2609 903
-1626 2920 737
-1556 2780 737
-1535 2338 886
-1453 2677 674
-1390 2658 701
-1335 2289 851
-1224 2042 990
-1175 2451 701
-1135 1958 831
-1065 1617 980
-1002 1891 737
-907 1548 702
-856 1737 666
-826 1686 666
-802 1271 682
-733 1326 649
-668 1142 619
-564 1217 424
-494 1151 434
-329 926 174
-253 692 199
-215 624 30
-205 510 30
-160 329 40
-160 353 0
-104 280 50
-99 230 15
-64 130 19
#
