#
-9404 42948 129
-9365 42907 100
-9174 42189 279
-9040 41844 241
-8980 41656 211
-8788 41442 433
-8650 40651 729
-8630 40621 729
-8428 38624 934
-8403 39770 616
-8226 39667 729
-8200 39425 583
-8178 37952 1236
-8107 39214 676
-7977 37316 1278
-7968 37268 1287
-7889 36298 905
-7764 35840 1595
-7753 36079 1497
-7576 37907 829
-7474 35254 924
-7294 34449 1595
-7185 34824 1209
-7117 33432 1588
-6983 33014 1542
-6879 32741 1576
-6732 32020 1280
-6702 34259 998
-6682 31992 1280
-6459 30217 1546
-6440 30995 1514
-6392 31183 1363
-6242 28563 1567
-6149 29421 1546
-6057 30028 1209
-5876 28431 1490
-5785 27842 1595
-5755 27441 1595
-5573 26342 1576
-5277 25717 1387
-5087 24374 1568
-5026 25378 1494
-4896 25132 1544
-4826 22841 1528
-4633 24179 1413
-4606 23867 1413
-4417 22239 1460
-4411 21780 1533
-4281 21287 1605
-4107 23232 1419
-3905 19914 1552
-3811 18498 1558
-3586 18595 1476
-3521 16892 1574
-3434 16177 1576
-3362 17244 1392
-3242 21972 778
-3219 14840 1605
-3079 14576 1533
-3030 20914 843
-2913 15514 1348
-2702 13726 1554
-2625 18086 760
-2614 17516 804
-2604 13743 1456
-2488 13608 1314
-2391 12805 1134
-2208 13602 1052
-2098 11576 1116
-1987 10757 1432
-1915 12245 959
-1840 9403 1538
-1729 8194 1568
-1539 10316 708
-1252 7105 1154
-1168 6588 876
-1094 6183 944
-996 4962 661
-987 7541 558
-938 6962 520
-929 6225 360
-857 4906 502
-768 6453 330
-683 5749 322
-639 3386 378
-622 2644 482
-549 2517 386
-484 4222 182
-441 2644 288
-390 2702 177
-325 2271 205
-322 2024 182
-275 1347 135
-213 1253 73
-163 861 83
-120 316 0
-100 144 20
#
