#
-3554 13890 54
-3529 13806 60
-3523 13431 75
-3513 13260 79
-3499 12789 46
-3478 12341 66
-3433 12203 46
-3387 11714 158
-3366 11266 158
-3340 10955 158
-3332 11254 124
-3320 10938 138
-3242 11649 109
-3234 10229 119
-3191 10000 129
-3161 9971 159
-3150 10585 114
-3132 9622 274
-3082 9567 199
-3070 9168 192
-3005 9015 154
-3002 8693 169
-2967 8556 143
-2927 8719 140
-2917 8277 219
-2899 8402 207
-2897 8265 212
-2889 7653 279
-2859 7622 279
-2803 6943 191
-2795 8067 147
-2734 6908 300
-2711 6878 300
-2700 6417 240
-2650 6375 260
-2567 6253 167
-2557 6238 167
-2453 5753 311
-2409 5752 277
-2395 7455 100
-2385 7428 90
-2331 5921 28
-2325 7266 0
-2314 6046 11
-2273 5561 231
-2259 5523 674
-2209 5451 367
-2184 5313 635
-2183 5418 151
-2085 4905 584
-2026 4804 625
-1958 4695 523
-1915 4608 543
-1908 4329 615
-1898 4971 306
-1880 4652 523
-1852 4560 543
-1747 4152 674
-1746 4131 506
-1730 4074 463
-1654 4015 581
-1622 3693 615
-1577 3856 597
-1571 4187 458
-1527 3930 535
-1523 3451 553
-1496 3377 506
-1443 3304 490
-1365 3241 455
-1346 3138 677
-1297 3000 628
-1275 2800 453
-1192 2739 442
-1130 2677 565
-1100 2667 535
-999 2367 472
-978 2027 463
-938 2014 453
-895 1967 422
-841 1865 465
-778 1817 402
-693 1580 463
-664 1472 483
-580 1366 400
-572 1719 275
-522 1264 442
-441 1035 372
-385 1103 314
-262 942 182
-187 701 107
-109 492 38
-78 332 10
#
