#
-3998 7789 87
-3984 7777 101
-3942 7661 129
-3898 7510 8
-3878 7500 23
-3842 7421 50
-3832 7409 50
-3795 7210 264
-3775 7200 284
-3753 7122 264
-3703 7077 264
-3684 6996 253
-3589 6846 236
-3518 6774 218
-3481 6418 227
-3419 6305 165
-3365 5853 460
-3342 5842 483
-3303 6201 96
-3283 6191 113
-3276 5770 460
-3238 6028 422
-3199 5375 509
-3092 5259 377
-3030 5547 214
-2998 5163 401
-2996 5024 470
-2993 5451 194
-2952 5002 480
-2883 4963 517
-2855 4605 477
-2812 4755 442
-2751 4448 265
-2691 4391 325
-2653 4387 363
-2575 4274 487
-2528 4208 504
-2513 4123 903
-2499 4061 889
-2453 3822 97
-2423 3805 67
-2358 3708 166
-2287 3605 53
-2242 3552 145
-2201 3453 195
-2184 3427 212
-2144 3365 1272
-2099 3304 1233
-2028 3230 285
-1967 3136 1095
-1934 3041 502
-1819 2943 404
-1769 2808 648
-1712 2756 628
-1706 2490 844
-1677 2623 834
-1672 2625 756
-1640 2417 854
-1580 2362 816
-1538 2545 660
-1518 2527 680
-1482 2456 594
-1457 2231 796
-1388 2236 594
-1316 1957 786
-1233 1899 716
-1187 2090 696
-1033 1579 761
-1019 1613 747
-1006 2072 534
-955 1396 772
-901 1263 816
-892 1811 420
-814 1156 716
-759 1511 561
-749 1696 554
-741 1036 698
-721 1322 631
-617 1170 574
-530 985 480
-483 1081 375
-440 897 342
-410 878 334
-336 713 293
-229 557 139
-195 452 119
-175 431 132
-125 308 35
-90 196 0
-53 125 13
#
