#
-4129 8855 28
-4054 8760 51
-3948 8714 109
-3865 8643 80
-3769 8473 271
-3749 8363 332
-3692 8421 265
-3576 7871 452
-3566 7937 410
-3538 8250 379
-3508 8101 375
-3465 8191 306
-3404 8189 298
-3349 7639 427
-3240 7037 474
-3235 7455 407
-3220 6713 504
-3193 7528 388
-3160 6950 432
-3140 7280 427
-3138 6650 482
-3136 6541 504
-3084 6489 452
-3014 6455 522
-3013 6369 471
-2907 6241 629
-2867 6084 1290
-2856 6205 679
-2808 6012 1297
-2806 5838 305
-2740 5789 222
-2695 5732 202
-2640 5527 139
-2606 5411 671
-2519 5207 677
-2488 5510 449
-2463 5280 316
-2390 5232 359
-2339 5046 256
-2319 4690 314
-2227 4635 272
-2166 4587 1245
-2146 4413 1265
-2122 4253 1261
-2100 4315 1106
-2074 4173 1233
-2068 4291 1138
-2010 4103 1186
-1977 4069 1153
-1907 3964 1066
-1881 3881 930
-1865 4521 866
-1851 3774 1010
-1835 4431 896
-1831 3832 960
-1811 3783 980
-1750 3463 799
-1717 3677 797
-1705 3397 727
-1620 3692 651
-1584 3358 920
-1560 3200 819
-1530 3178 849
-1492 2993 711
-1473 2830 731
-1438 2780 766
-1266 2517 564
-1189 2326 579
-1045 2216 651
-1015 2075 781
-926 1969 766
-918 2326 524
-871 1602 761
-836 1445 746
-795 1799 561
-768 1436 703
-756 1497 604
-754 1257 594
-666 1348 546
-609 982 576
-485 1701 245
-426 1755 172
-319 1158 169
-248 743 118
-248 877 115
-177 495 87
-165 680 60
-160 369 70
-133 324 57
-108 482 13
-90 192 0
-53 97 20
#
