#
-2633 4136 15
-2576 4115 42
-2565 4067 53
-2512 4027 106
-2470 4017 64
-2463 3928 85
-2445 3957 47
-2425 3877 87
-2368 3801 250
-2329 3694 289
-2273 3590 345
-2255 3578 363
-2215 3575 123
-2170 3497 168
-2145 3400 253
-2141 3429 197
-2115 3392 223
-2102 3375 236
-2065 3368 553
-2031 3346 587
-1977 3238 677
-1959 3218 379
-1957 3112 691
-1949 2965 685
-1919 2838 655
-1919 3083 629
-1904 2905 644
-1879 2890 619
-1825 2752 809
-1802 2702 786
-1792 2690 796
-1784 2605 728
-1772 2583 776
-1757 2597 741
-1747 2577 751
-1745 2640 721
-1717 2553 767
-1690 2674 350
-1657 2589 417
-1633 2388 369
-1603 2548 263
-1576 2378 312
-1572 2281 556
-1554 2260 538
-1520 2248 504
-1518 2173 522
-1470 2094 474
-1444 2057 448
-1418 2035 448
-1399 2016 529
-1372 2314 72
-1343 1997 571
-1301 1910 231
-1264 1835 268
-1223 1817 665
-1200 1794 244
-1174 1737 714
-1155 1675 99
-1124 1682 2
-1114 1568 12
-1051 1479 55
-1031 1449 75
-987 1523 9
-909 1376 137
-859 1353 187
-832 1239 274
-773 1158 333
-768 1282 210
-705 1156 319
-704 1096 320
-672 915 284
-670 960 200
-652 840 612
-632 890 192
-602 816 162
-600 792 396
-578 775 438
-562 708 462
-530 571 486
-528 668 428
-517 570 479
-485 625 385
-460 695 0
-433 561 339
-369 415 71
-368 506 70
-267 333 173
-249 364 151
-189 340 109
-169 272 129
-146 229 100
-71 146 33
-42 75 4
-41 59 3
#
