#
-4217 7848 201
-4197 7837 181
-4166 7610 252
-4142 7584 169
-4118 7574 193
-4106 7338 137
-4083 7162 110
-4055 7100 188
-3952 6991 115
-3901 6753 145
-3828 6701 72
-3807 6213 474
-3803 6640 72
-3795 6150 486
-3748 6598 405
-3744 5912 486
-3733 6060 454
-3704 5651 395
-3655 6391 332
-3602 5589 497
-3553 5467 305
-3522 5242 264
-3479 5175 257
-3425 5129 311
-3326 4901 285
-3299 4872 312
-3275 4663 234
-3244 4652 265
-3203 4610 306
-3115 4529 389
-3103 4524 369
-3023 4340 700
-3009 4508 473
-2963 4202 569
-2940 4148 544
-2910 4342 427
-2837 4019 221
-2773 3963 657
-2743 3945 687
-2720 3692 302
-2654 3815 239
-2615 3792 214
-2554 3421 315
-2534 3411 295
-2493 3403 234
-2402 3311 636
-2380 3430 150
-2350 3419 180
-2250 3128 619
-2230 3040 439
-2134 2933 459
-2131 2979 423
-2083 2784 975
-2056 2756 975
-1884 2580 965
-1841 2543 928
-1808 2646 818
-1761 2437 918
-1723 2261 960
-1657 2336 869
-1569 2185 830
-1547 2250 804
-1526 2073 836
-1508 2064 898
-1419 1986 759
-1409 1977 769
-1315 1935 886
-1262 1976 593
-1222 1802 633
-1169 1890 534
-1146 1730 567
-1108 1575 938
-1058 1559 888
-1038 1367 968
-963 1594 653
-941 1472 506
-881 1411 731
-854 1363 758
-832 1300 703
-819 1232 630
-783 1097 673
-722 1121 587
-619 996 529
-583 850 520
-532 815 382
-500 948 342
-489 787 339
-360 1037 160
-290 721 180
-235 766 46
-210 526 60
-209 608 39
-170 406 20
-150 247 0
-80 184 10
-53 125 13
#
