#
-4840 9002 42
-4723 8904 43
-4700 8833 33
-4636 8679 110
-4519 8502 252
-4456 8469 255
-4426 8349 220
-4336 8208 313
-4316 8103 333
-4153 7921 375
-4108 7774 388
-4081 7764 415
-4018 7964 236
-3969 7684 396
-3863 7573 633
-3798 7533 608
-3753 7473 139
-3691 7394 145
-3636 7318 1010
-3599 7323 26
-3485 7143 351
-3435 7107 1029
-3396 6946 967
-3360 7000 276
-3331 6238 1519
-3277 6906 920
-3199 6001 1567
-3179 6181 1452
-3152 6731 1275
-3148 5889 1539
-3141 6513 1319
-3131 6199 1398
-3097 6416 1369
-3039 5734 1567
-2964 6392 663
-2909 6109 1351
-2872 5675 1406
-2811 5408 1410
-2800 5342 1376
-2744 5708 1099
-2696 5577 1247
-2676 5148 1247
-2611 5551 977
-2566 4817 1337
-2541 4851 1322
-2476 4957 1051
-2444 5989 897
-2392 4717 1196
-2334 4675 1143
-2274 4584 1275
-2263 4950 1121
-2222 5219 1029
-2140 4456 1181
-2045 4623 1144
-1956 4000 1499
-1929 4111 1432
-1919 4117 1064
-1859 3977 1214
-1772 3364 1527
-1745 4523 942
-1727 3939 1197
-1660 3797 1185
-1633 4260 709
-1627 3249 1562
-1603 3053 1482
-1570 3841 826
-1496 3649 846
-1455 3063 1158
-1385 2796 1335
-1298 3566 919
-1234 3120 817
-1214 3039 797
-1185 2433 1125
-1033 2598 858
-979 2124 944
-972 2251 887
-907 2476 450
-874 2383 457
-850 2350 486
-798 2196 560
-755 2159 580
-738 1907 543
-725 1829 580
-654 1720 521
-623 1614 553
-532 2024 89
-421 1494 194
-403 1279 106
-383 1401 62
-328 962 143
-303 1186 142
-273 956 112
-222 658 142
-185 578 100
-155 474 120
-73 201 40
-60 197 0
-53 97 20
#
