#
-3596 11407 330
-3541 11338 350
-3518 11017 350
-3490 10561 330
-3470 10551 350
-3455 10502 340
-3454 10841 306
-3450 10540 300
-3442 10218 320
-3379 10171 350
-3376 10031 274
-3306 9947 284
-3275 9751 413
-3242 9249 383
-3189 9361 193
-3138 9037 309
-3105 9018 309
-3083 8809 205
-3050 8698 255
-3045 8477 167
-3015 8226 244
-3015 8467 181
-2984 8373 217
-2972 8170 234
-2972 8372 94
-2892 7860 194
-2873 7534 101
-2845 7507 78
-2815 7493 78
-2779 7356 95
-2772 7200 112
-2702 6913 145
-2679 6904 122
-2639 6894 162
-2612 6680 241
-2579 6801 185
-2532 6622 261
-2476 6509 205
-2436 6228 365
-2419 6328 268
-2332 6041 542
-2268 5738 585
-2192 5672 542
-2148 5584 605
-2147 5779 529
-2082 5518 542
-1997 5368 529
-1980 5271 598
-1867 4582 576
-1785 4565 592
-1759 4779 539
-1719 4419 615
-1658 4076 595
-1632 4281 547
-1575 4295 507
-1507 3919 572
-1504 4060 555
-1456 3643 605
-1420 3745 549
-1340 3673 529
-1300 3527 519
-1252 3348 549
-1222 3258 559
-1140 2827 572
-1139 2977 565
-1113 2698 592
-1050 2656 572
-1020 2648 569
-967 2565 400
-931 2511 480
-861 2227 374
-771 2023 374
-764 1977 464
-744 1930 484
-721 1763 507
-648 1538 504
-625 1684 432
-602 1399 512
-586 1559 433
-571 1506 444
-471 1138 384
-468 1301 364
-434 1414 220
-394 1270 220
-333 1188 225
-300 1082 0
-280 986 15
-240 910 58
-217 768 40
-145 576 34
-129 548 50
-106 503 27
-89 326 20
#
