rc101.dat 625765 0 488 12
c105.dat 250562012 0 2614 363
r206.dat 810559828 0 1984 780
RC2_2_6.dat 597937094 0 1740 970
rc202.dat 950146126 0 2056 787
R2_10_5.dat 610 0 342 15
R2_6_1.dat 147859330 0 2924 242
RC2_2_9.dat 3759429103 0 4182 1080
C2_2_8.dat 3113839362 0 7360 726
rc104.dat 10144753 0 513 272
C1_6_3.dat 1590640 0 1132 66
r209.dat 878766363 0 1991 816
rc201.dat 964446131 0 2042 749
RC1_10_6.dat 9923740 0 603 165
R1_6_3.dat 294 0 323 11
C1_6_8.dat 700190048 0 5265 308
R1_4_9.dat 849336968 0 2540 690
r111.dat 14531694 0 494 234
R1_6_5.dat 2671656928 0 5000 772
r208.dat 1335817508 0 1991 1031
C2_10_5.dat 10401849 0 2551 143
C1_4_5.dat 498193460 0 4411 374
rc105.dat 16335203 0 516 230
R1_10_10.dat 2068 0 516 23
R1_4_6.dat 79871568 0 821 472
RC2_4_8.dat 13880531 0 490 311
RC1_8_1.dat 196369170 0 1774 391
r205.dat 1009827853 0 2119 741
C2_4_7.dat 4443639293 0 7813 869
C2_4_5.dat 3712887970 0 8065 693
